0.8650246
-2.829554
-0.9251534
0.2516266
-0.7077437
-1.49517
-1.273049
1.432785
0.05426524
0.0430798
-0.00959087
-0.5140582
0.2868202
1.647304
-0.8519808
2.045594
2.7612
-0.6142508
-0.6815058
-0.16143
-1.110323
2.444567
1.497328
-0.04621051
0.8262231
-1.853571
0.8148069
-0.748486
-0.6212384
0.04251053
-0.5218261
-1.790674
1.041007
-1.224242
-0.6596981
-1.469056
-0.2554185
-1.803122
2.523763
0.1413582
-1.238249
-0.1168852
-0.5610251
0.278809
-0.5860531
0.8376682
1.045431
2.3274
-0.6219974
0.6005164
-0.6864427
-0.6026597
0.01453048
1.016692
1.503739
-1.396035
1.668328
-1.641999
0.9817457
0.8848882
0.1145333
1.504852
-1.567675
-1.555772
1.670439
0.1628952
-0.2693936
-0.1976051
-0.3391456
1.506235
0.6835084
-0.4055068
0.4895254
1.113634
-1.577921
-1.645259
0.89425
-0.4032235
-0.3764787
0.8568982
1.219384
-0.5545159
-0.9180194
1.782105
-0.7816483
0.03424549
1.035684
0.2315039
0.2534395
-0.05390068
-0.6206379
0.1414137
1.811302
-0.01988121
-1.998516
-0.5044922
0.4031112
0.2435978
1.57836
1.017155
-0.5635156
-0.8434505
-0.1797447
1.141529
-0.7582025
1.542655
-0.7062978
1.197873
1.051496
1.395588
-1.457675
2.52418
-0.8159387
0.1369502
-1.492262
1.046792
-0.5835415
1.648909
1.173332
0.1319484
0.7871241
-0.0005525136
-1.546588
1.04282
-0.4530216
-1.523809
1.602363
-0.8540041
1.46847
0.9858066
-0.05484805
-1.185409
0.03327386
1.045923
0.7045607
-0.7998788
0.9954066
0.5476809
0.3555117
-0.555887
2.538728
0.1044934
0.4799494
-0.5180678
-0.9352145
-0.07975956
-1.440602
1.512712
1.38844
0.9793447
-0.5823553
1.353524
0.318208
-0.7857423
1.557093
-0.8207798
1.479617
0.1680822
-0.8291838
0.02254806
0.7268657
-0.6219277
0.5509697
1.793953
-1.320746
-0.6427883
0.884389
-0.1237999
-0.84647
-0.4266987
0.7238816
-0.4407305
-0.04077988
-1.361254
-0.0786772
1.955117
0.2724539
-1.528305
-1.361284
1.874353
-1.470771
0.1910983
1.696085
0.9992392
-1.761818
1.09568
1.124502
-0.6750012
1.552241
-1.371676
1.568947
0.254162
0.3668654
2.655495
-2.442035
-0.9667437
2.60418
-0.1961372
-0.8219416
0.9662668
2.504411
-0.962791
1.216042
2.243305
-0.5109017
-0.3189837
0.331294
0.5698528
-0.5698371
0.8339585
0.8975645
-0.9316928
-1.064571
0.1396809
-0.3790496
0.6027114
1.026156
-1.363716
1.734637
1.450691
0.570772
1.527895
0.8426901
1.740778
-0.7943192
-0.363198
-0.07300271
-2.147548
1.519226
-0.04334318
1.002072
2.215947
-1.03771
-0.05393059
-1.443206
0.8736783
1.359145
0.1879616
-0.02079714
0.08963506
2.479016
-1.25718
1.89432
-1.134883
1.501307
0.3464786
-1.815924
0.8972599
-0.7917125
0.9225134
0.8703569
0.8931549
2.6653
0.812192
-0.5934958
-2.842871
0.8289268
2.470435
-0.6854476
-0.7111138
-0.3612468
-0.4002834
-1.604503
-1.407313
1.703586
-0.6588609
-0.4960639
-0.5247338
0.8086833
-0.799998
0.6367214
0.999467
-1.57003
-0.5326233
-0.4660055
1.877165
0.3744849
2.020723
-2.438273
1.393167
-0.8529767
-0.4133214
0.2676413
-0.8141379
1.484416
-0.7283483
0.1898926
1.545839
-1.698743
-0.631463
0.2902518
3.228956
-1.791404
2.375311
-0.1940777
-0.9063324
-0.4747319
-0.665507
1.467996
-0.04144463
1.716422
-0.6669494
0.763462
1.835291
0.9101942
-2.34988
1.154788
1.086403
-0.7576622
-0.2953311
-0.4224058
2.50961
-1.0874
0.9557701
0.7749583
-0.4165148
0.2801996
0.2232881
0.3936338
0.9826468
0.7815847
1.067058
0.003154202
1.352553
-0.983148
0.5465227
0.3140908
0.8538861
0.7236199
0.9582836
0.02815242
0.08308142
0.3332568
0.611242
-1.808535
1.507669
1.717201
1.80629
0.8931442
-0.7701722
-0.7765914
0.8725872
-1.019841
0.2659858
-2.434179
0.8040633
-0.4703879
-0.6672005
-0.1877456
0.8601098
1.148383
-0.8830784
1.804242
-1.641788
-0.9498018
1.361566
0.4747335
-0.9239221
1.603144
1.754954
0.6136516
0.114889
0.01729657
1.450916
0.2388982
-0.7563133
1.780687
-0.8535394
-1.300289
-1.479727
-0.6425929
2.498873
1.371524
-0.6238717
0.8687702
-1.313338
1.911966
2.324304
-0.8635298
-0.5344616
-0.0636893
-0.3823982
0.00654585
-1.554056
-0.4195888
-0.2949833
-0.4366919
1.500234
1.116945
0.2491598
-1.566756
0.7028484
1.687639
-1.348149
0.9928784
-1.158617
-0.6333259
1.129851
0.7875435
0.5799063
0.2231776
0.1240922
-0.03715125
-1.641188
1.335007
1.077713
0.7171373
-1.480889
0.0006206909
1.093203
-0.4940834
0.6294174
1.083191
0.2178005
0.3230637
1.033392
1.877998
1.084244
1.328339
1.25614
1.775764
-1.099864
0.815115
0.1270077
-0.6916317
-0.7597322
1.643737
1.818746
-0.9154208
-0.01404301
1.650136
2.227809
-0.4262448
-1.472819
-0.07361987
-0.746931
0.8993714
1.816909
1.143544
1.750161
1.064742
0.9483955
-0.7330706
-1.6957
-0.738117
-0.8374878
0.6045662
-1.471566
-0.8956265
0.7719709
-1.291753
1.813956
0.6241723
-1.353997
-0.3155437
-0.8845221
-1.530431
-1.64988
-0.6376205
-1.222321
-0.04963661
-1.125103
0.5027175
2.028457
0.00490952
2.393295
-0.6273827
1.087645
0.4751227
0.4019002
-0.4337301
-2.122247
0.2967864
1.861521
0.2592591
-0.7764716
1.105243
2.721614
0.9327784
0.8740121
1.337665
0.7224639
-2.599778
0.2070899
0.409264
-1.837893
-1.502766
-1.57307
1.721278
2.29333
0.4189612
-1.630757
0.6978276
1.717291
1.029587
-0.6376267
1.084905
1.14283
1.768067
-1.001605
-0.3824887
1.085544
0.9022901
1.057946
0.3587361
1.42034
0.07785698
0.8728445
0.7791217
0.2737907
0.06946402
-1.275068
-0.06738958
0.7117669
-1.533125
-0.5954817
-0.4177345
-0.7499232
-0.8253467
0.8889053
0.8511616
-1.377558
-1.40867
-0.4265406
-0.414663
0.7929703
0.8697815
-0.7129031
0.1740121
0.05706971
0.1183219
1.374438
-2.004732
-0.802523
0.2639262
-1.718754
1.01507
-0.2078147
-0.7137059
0.8961382
0.1510607
-0.6327362
1.801888
-0.8651575
-1.499527
0.02593448
0.9226033
0.6960597
0.6850593
0.3362888
-0.6614317
0.1650633
-0.5141152
-0.2597291
0.01270135
0.2981081
0.6709683
1.8345
0.1593573
-0.2534325
0.9647661
1.540761
1.815688
1.151549
1.104743
0.2701421
0.7520783
0.8129439
-1.333728
2.452225
1.276277
-0.8028127
0.01875907
-1.033825
-1.895854
1.049265
2.514112
0.719422
-0.4587328
-0.3859256
-0.8136197
0.005991389
0.7485417
0.8472435
0.5230407
0.06796528
-0.5466048
2.254736
-0.7426937
-1.057978
0.6322648
-0.5760237
-0.7302392
1.190766
-0.4718167
-0.8675074
-0.1864427
0.5455298
1.79108
0.5699843
-0.4825682
0.2651748
1.011314
2.639103
-0.6611215
1.789999
0.71479
1.621649
1.455504
0.7199506
0.6282615
-1.603533
0.001604233
1.408019
1.009788
0.00402655
-1.387246
0.2675608
0.7102351
-0.1132114
1.763055
1.37306
2.421294
-0.1035478
0.6605601
-1.09945
1.455066
0.6507662
1.678763
-0.01580555
0.4739633
-1.080531
0.2325946
1.927439
1.748496
1.436319
0.0808885
0.712125
-0.9584158
1.449829
-0.7153243
1.628808
1.093153
2.42899
-1.01834
-1.556184
-1.681652
1.279517
-0.5062512
0.9875832
-0.02716414
-0.9748285
1.966439
0.1236755
-0.21256
0.6126915
-1.484062
1.034231
-1.193307
0.9024709
2.587777
0.9357663
0.7286143
-0.2128806
0.08532895
1.423925
-0.7326821
0.8407741
0.6565315
-1.387452
-1.598788
0.3055737
-0.6690315
-0.6492245
-1.377782
1.69876
0.6276204
-0.6236629
-0.7520806
0.8935643
0.2394322
-0.835132
0.5060125
-0.5211313
1.761378
1.372941
-0.6936151
0.6873029
1.525239
0.20694
0.9297928
-0.7708611
0.3309305
1.781805
1.135207
0.07301409
0.4593283
0.6675266
-0.1609246
-0.746429
-1.49557
0.7118914
3.83384
0.8386291
1.248913
-0.1560357
-1.397973
-1.404096
1.62874
0.3337964
1.5153
-0.04994107
0.161895
2.57283
-0.859036
1.483613
-0.3820504
0.02814932
0.3016188
1.827146
-1.538911
-0.7944144
0.9753432
-0.6889311
-1.608175
0.2954102
-0.3937817
0.9843002
-0.8693728
-1.16689
2.383328
1.000156
2.513017
0.270726
-0.6771779
-0.147537
1.108162
0.4656937
-1.407632
1.103811
-0.2648974
1.485425
-0.2683457
0.4922936
1.475158
-0.5518933
-1.596976
1.011998
0.2122866
-0.6763057
-1.806536
-0.9063054
0.2789191
1.391501
0.9195585
0.8661394
-1.306972
-0.9284221
1.505419
2.099822
1.698021
0.2518471
-0.9085913
0.03373558
-1.030735
1.204927
-0.2273741
0.6669806
1.397892
0.06936137
-1.507523
-0.03602956
-2.169417
0.2824689
-0.40508
1.737319
-0.6770635
-1.398871
0.2165948
-1.13931
0.5028985
-0.4787295
1.265511
0.9698349
-0.3451596
2.653764
1.663524
-0.5904385
2.558578
1.879873
0.6570944
-0.06020509
1.794726
0.97489
1.782318
-1.151294
-0.2451819
2.594358
0.7842196
2.448686
-0.7138192
-1.705534
-1.26157
2.394284
0.5652899
-0.172409
-0.02212058
-0.5852501
-0.6300958
1.818598
0.9360744
-0.02998508
-1.413324
0.2248316
-2.796033
1.665717
0.04613352
1.434876
0.3073378
0.9621541
-0.8872765
0.06812519
1.71041
-0.05920349
0.6814474
1.938051
1.962439
-0.03340395
-0.7682004
-0.5824576
0.5655494
-1.569552
1.432378
-0.1084872
0.2032053
0.3504055
-0.09710041
2.404965
-0.7197542
2.574478
0.01936114
0.9059387
-0.3436935
1.562256
-0.02100783
-0.5724825
-0.5404437
-0.5130492
0.4154678
-0.7047337
-0.9823645
-3.170684
0.3111478
1.826925
-0.02531442
-0.6216554
-1.276466
-0.1191121
0.2336905
1.846453
-0.6951283
2.409744
0.9787899
-0.9181797
1.041392
3.126403
-1.510323
1.443306
1.650707
-1.651224
2.708628
0.07363438
0.3065239
-0.741001
-1.122864
0.2966795
-0.3177474
0.5930301
2.553207
0.7850911
0.4141325
-1.254146
1.979508
-0.6336684
-0.6847298
0.2646327
-0.7965031
-0.7349986
0.5156333
0.1511766
-0.01072746
-0.206088
-0.05011608
1.06583
0.1690382
-0.09987257
-0.1216543
-1.083063
-0.8430428
-0.0310855
0.3459726
-0.6979601
-1.591392
-0.488843
0.04902907
0.1523227
-0.844587
2.615757
1.042155
2.585974
0.2694129
-1.243993
-0.2658927
-0.5776464
-0.5202552
0.4813107
-0.9152136
1.047192
-0.2730509
0.4340331
0.02835243
0.6578896
-0.5815773
-1.253086
0.3526416
0.06238549
-1.414739
1.786224
-0.009402594
0.3891242
0.7489079
-1.112686
1.045958
-0.1064332
1.746782
0.7235341
2.660137
-0.6358893
2.5504
0.1511182
-1.533548
0.9732562
-0.1234054
0.1011379
-1.324875
-0.5443508
1.678293
1.49548
-1.454679
2.068853
0.4291246
0.08497116
0.7365899
1.291723
-0.6213683
0.7472068
-0.07884456
2.437495
1.857041
1.560508
-0.676604
0.08503993
1.620253
-0.435004
-0.891461
0.5594949
2.448291
0.8475755
0.2770787
0.829041
2.22379
1.388729
-0.9460559
-0.5937002
1.174971
-0.8240883
1.312557
0.6533875
1.716092
-0.6439374
-0.3353167
0.07249322
1.308271
0.2361301
1.620277
0.2505317
-1.325769
1.92034
-0.6899811
0.9601726
0.236532
-0.6915115
-1.017005
-1.070875
3.208338
0.1565186
-0.2975678
-0.02080384
0.8773951
-0.4967208
0.9145009
-1.433902
0.6408249
-0.7313357
-0.9157555
-1.532845
0.2974626
0.2292129
-0.9889654
2.398441
1.827237
0.6745763
-1.537846
0.7825827
2.137312
2.490588
-0.6170333
-0.07621087
-0.7482566
1.787564
-0.2406713
-0.5311427
-1.309199
2.251424
-0.4367506
0.2340768
-2.533725
-0.7733081
-1.672771
-0.05412357
-0.494984
1.781562
2.600155
0.9463031
0.2321806
-0.3892138
1.009037
-1.274594
-0.4470516
0.4639742
0.5033362
1.541863
1.068711
-0.6438831
1.935066
0.3628311
-1.504483
1.671409
0.7439403
-1.005891
0.7041496
0.7823861
1.407465
-0.8771776
-0.5144135
-0.4293561
0.9897107
-0.09709835
-1.879389
-0.3287911
0.09764334
0.7096657
0.9933953
-0.6440225
-0.736768
1.151689
1.428392
0.9923315
0.2453968
-1.382762
1.453739
0.2474593
-0.7229244
-0.7009187
1.456181
-1.649984
1.544686
1.312322
0.1476901
-0.577152
0.2090851
-0.05527944
1.13445
-0.5262215
2.31493
-1.654488
0.9103185
-1.322658
-1.788388
-0.5991644
-1.356918
0.4072612
0.4405501
1.175208
2.374218
0.9786686
1.680097
2.404132
2.402193
2.658669
-0.1630247
1.002322
-0.8918371
-0.3752075
0.6825036
-1.291662
-0.4099223
1.40437
1.435812
-0.7086137
1.994145
-1.112822
0.6585559
0.973404
-0.3044909
-1.397372
0.5681103
1.500259
-1.246651
1.270465
-0.6571673
-0.5784366
0.006094229
0.1223368
1.568371
0.5590104
0.7047235
0.3119169
1.658739
-0.08809106
-0.4279595
1.826713
0.7559431
-0.6367394
1.453192
-2.354922
-0.9448085
1.444375
-1.492268
0.9755205
-0.4249074
1.861259
-1.629689
2.567067
2.520634
0.03297235
-1.588551
-0.474146
0.2798686
1.036016
0.3474358
-1.430257
0.3947251
-0.4353251
-0.7493943
0.9639726
1.004361
0.2814279
0.5510551
0.1317166
-0.3727387
-0.5021709
2.605644
1.829579
-0.2391537
0.05077507
0.8794078
0.9076211
0.904236
1.460896
0.08371989
-0.7027834
-0.5418626
-0.3662826
1.574044
1.07831
-1.827439
-0.7070445
0.4636188
1.339648
1.183527
0.2125172
-1.44015
1.14205
-0.6028706
1.009578
1.642804
0.5856089
-0.6852154
-0.1891404
0.1345667
0.1303718
-2.000209
-1.547164
-1.396579
0.8566107
-0.9199878
-0.4393712
1.002996
-0.8946119
-0.5954351
-0.7246019
-0.7667597
0.6374529
1.51643
2.121266
-0.08825569
1.63614
-1.508496
1.538739
0.7751382
0.5569894
0.7703412
1.166909
0.5831474
-0.1414651
-0.5658792
-1.569497
-1.012592
-1.163694
-1.408437
-0.1190632
-1.41759
0.1936627
0.08687728
1.774449
0.8394472
-0.9959012
1.586637
-0.2310621
-0.876027
1.276981
1.410001
1.805052
0.9071634
0.7699909
0.8804917
-0.2406726
1.55416
1.09206
-0.872553
1.603336
0.6545898
2.576978
1.265133
1.22479
1.585242
0.1294979
-0.6003029
1.02482
3.149028
2.541551
0.2395515
0.6472039
-2.397789
2.638602
-1.4172
-0.2106663
1.637321
0.8107479
-0.9174181
-0.6985351
-0.8075882
1.559943
-0.5262611
0.4196169
0.4816392
1.424022
0.2388311
1.106845
1.199501
-0.3900814
1.468509
1.568246
0.2485928
-0.1506254
1.94486
-0.3969798
-1.063185
-1.571323
-1.023212
0.4304226
0.2628406
0.3370537
0.242187
0.9810511
0.3081115
-0.8928984
1.408478
3.103267
-0.5340049
-1.999686
1.869068
-0.4095951
2.651336
-1.524708
0.3211331
0.02054184
-1.272435
-0.5761323
1.5974
0.2856323
-1.405083
1.0927
0.9658292
0.9841809
0.01875779
-1.431583
0.4483185
0.09480341
-1.568253
-0.7655073
0.3445393
-0.2641166
-0.4801775
1.777815
-0.9611836
-0.1806123
0.4100625
-0.7663808
0.1433384
2.111218
1.510459
-2.560254
1.022493
-1.455109
-0.7456966
-0.7301851
0.8558991
-0.6781567
0.2722267
-0.4810329
0.5892667
-0.5158526
1.693862
1.733771
1.072722
-1.753833
0.3096495
0.07404381
-0.3743417
1.076444
-0.00523531
0.463064
0.7356138
2.383175
0.4002201
0.975328
-0.3627735
-0.9166537
2.5841
-1.471463
0.8158546
1.332011
-0.4142263
-0.04450435
-0.5436296
-0.723858
0.7669315
-0.002426959
1.299358
0.7219626
-0.4254272
-0.8151974
0.3863587
0.02975976
-1.462611
2.412816
1.446209
-1.845825
0.8734472
0.2250956
-0.03070934
0.05669173
0.07668648
-1.788907
0.2828497
2.240436
0.7138903
2.470149
1.383148
0.06860284
-0.7181213
1.234693
2.425703
0.1719177
-1.407299
2.499293
1.197805
-0.1086937
0.3140445
-0.7539863
1.68844
0.6295479
-0.6014063
-0.8741247
2.434127
-0.8649965
1.047414
1.61478
1.187935
-0.4949721
-1.075987
0.09752835
-0.4030898
-1.588465
0.2609326
0.1336678
1.424218
2.361819
2.515446
1.353886
2.492764
0.2250568
0.8100843
-1.3576
1.742693
-0.7857666
0.09925799
0.6062957
1.796142
-0.6909735
-1.103463
-0.5366141
-1.05331
-0.5133343
1.498333
0.3548489
0.01547267
0.02154158
-2.453138
1.493184
-0.3400709
1.304872
-0.4419402
-1.597756
0.7447138
1.807396
-0.3132883
0.9070687
-2.73211
-1.746842
1.661628
-0.422879
0.6446001
-1.155149
2.438364
1.042444
-0.1109547
-0.2023864
1.749521
0.764752
1.048977
0.1016013
1.428372
2.625876
-0.5379876
-1.451768
1.622108
1.75613
1.849664
-1.486733
-1.841061
0.7581244
1.508087
1.403158
0.5768832
0.2269519
0.1285686
2.00782
-0.5055492
0.9713823
1.863074
-1.505143
-0.2712314
0.3658145
0.4940288
0.1563948
-1.483501
-2.559881
1.776317
1.00398
0.640479
0.3535636
1.115383
0.5290709
1.589827
0.889739
-0.4808198
-1.810126
0.9583675
1.572296
0.7407037
-1.499169
1.269943
-3.017691
0.1416828
0.2972862
-0.7190841
0.9095418
0.9138377
1.106309
-1.544244
1.473193
-1.522796
0.5763865
1.62463
0.6518765
0.2388818
-1.542651
0.07789165
1.14329
1.097835
1.35976
2.428186
1.766095
0.1532419
-1.147171
0.6350057
0.6675858
0.534946
-1.148936
0.7053904
1.738096
-0.7345876
0.7977543
0.1844683
2.407606
-1.317873
0.2246576
-0.7236308
0.2852821
0.1729874
0.93488
2.592323
0.1898569
0.8339081
0.6930062
1.913243
-1.550085
-0.298904
-0.8666452
-1.20256
-2.197213
0.7215134
2.575367
-0.1308814
2.417086
2.375147
-1.137397
-0.105152
1.00374
1.596455
-0.24273
0.70452
0.9699042
0.9601706
0.6136641
1.576968
1.663566
1.096396
2.157499
-0.2885218
0.01422163
-0.5491213
-1.492425
0.04062344
-1.003956
0.3536174
1.767629
1.317604
-2.211195
-0.5464766
0.5460073
-0.4898861
-0.1226692
-1.493441
0.4363564
2.317383
-0.5300863
0.6845507
-0.6487789
-0.3037927
-0.6164981
-0.1281471
-0.6282036
-0.5946687
0.786628
-0.8659587
0.04325516
0.1618597
-1.539118
-0.4940818
0.3096799
-0.2725784
-0.419337
0.960501
-0.6479663
-0.04606827
2.741977
0.8103953
-0.6762283
1.723348
-1.102168
2.29812
0.3981965
0.661026
0.6842617
-1.65846
1.762399
-0.3218607
1.090366
3.194107
-0.6352197
0.7655926
-0.7262236
-1.486289
-2.096528
1.586132
-0.1248751
0.0384703
0.6668323
-1.081789
-1.223609
0.2255704
1.621457
0.1362542
0.6445751
0.1795261
-0.02402802
-1.564552
2.50315
0.863918
-1.40893
0.88108
1.708099
1.915883
-0.5381225
0.3833264
1.881226
0.9894705
-1.561538
1.645451
-0.5287621
0.927052
0.9003002
-0.4277995
0.378868
0.368293
-0.4107889
-0.6208679
-0.6961841
1.716775
-0.1485357
-0.523048
1.620661
-0.4689104
2.362833
-0.5734224
0.9432559
1.233473
0.3750868
0.7257446
0.2683519
1.957182
1.280317
-0.7431464
-0.7491214
1.522986
-0.547747
0.1058989
2.509098
-0.6693768
0.350964
0.950787
-1.414393
-0.8438555
1.545444
-1.417692
0.3929124
0.9537386
0.7093033
-2.615997
-1.957407
-0.7662024
0.05677668
-0.635037
-1.537146
1.57744
0.4547981
0.4371204
-0.6765363
-0.1276664
-0.6795217
0.2961324
0.2265969
-0.3564071
0.1234375
0.03417428
-0.9533781
0.3953099
0.9679802
1.573509
1.869535
-1.093038
-1.221906
-0.6928778
2.474247
-0.907424
0.8862473
-1.361735
0.2338651
1.427628
-0.8569173
0.1799455
-1.301039
-0.1205895
-0.3129435
-1.902805
2.320037
0.1229022
0.2599601
-0.5861405
1.414504
-0.9879705
-0.4570025
-0.1453075
0.1997468
0.7702022
0.1270647
1.760544
1.998749
0.1616082
-0.00402586
-3.668711
0.8871218
-1.29882
0.2858871
-1.334619
2.531232
-0.4775419
1.197421
1.390804
-0.8346952
2.57055
1.741135
0.883975
0.8545598
0.6024206
0.7591464
-1.88241
-0.6165353
0.2944089
0.9095207
-1.290218
0.9495819
-1.157468
1.434129
-1.851916
0.8502354
1.230037
-0.0006512935
-0.620753
2.372515
-2.001669
-0.1526428
0.2883974
0.9768441
0.5462032
-0.5798506
0.7043583
0.8781654
1.0133
1.074131
0.645598
-1.649327
0.4257195
1.075282
-1.036998
-2.112698
0.06641162
2.331035
-0.1682589
1.274937
1.143375
1.068188
-0.2406408
0.3274016
2.382015
2.602872
-0.2374514
-0.7061663
0.1959801
0.2145437
-0.1455849
-0.09183853
-0.007204984
1.042275
-0.6222548
-0.0652882
-0.5951006
1.328605
-0.5077755
-2.900315
0.3149531
0.7136931
1.625929
-1.597737
-1.166265
-2.195321
0.4120006
1.668724
-0.8582277
-0.7308431
0.1046373
1.611064
0.4112996
-0.2695954
0.6766221
1.88046
-0.3447944
-0.3922761
-0.7080987
-1.411798
-0.03326431
-1.47461
-0.0506323
0.9668204
0.2992392
0.2577211
0.7141616
1.774022
0.03378454
1.037719
1.558616
-0.6984509
0.9197014
-0.8033871
0.8887132
1.327029
0.7402675
2.282219
-0.5523048
-0.3736233
-0.0647235
-0.4650094
0.007812812
-0.6551009
1.08832
-0.6930829
0.6640501
0.8342501
0.3009666
-0.3954725
2.229632
-0.5373901
-1.011351
-0.6823486
-0.7250926
2.483994
-0.07358955
2.633401
0.7950375
1.821966
0.48426
-0.5042613
-0.448873
1.925593
-1.711108
2.622033
-1.072874
1.423641
0.7555724
-0.1218321
-2.61934
-2.040073
0.6846511
1.671885
-0.5971294
-0.7617056
-0.8382937
-0.7081353
0.7560522
-0.1069789
0.0398523
-2.016366
-0.4617765
1.806996
1.12348
-1.32653
0.2645598
-1.138363
1.002251
-0.9945451
0.6258178
-1.440543
-0.9930929
0.6103804
2.175054
-0.031747
0.1014487
1.404443
1.512916
0.7873897
0.2378261
-0.0930124
-1.594184
-0.4006847
0.998118
-0.8915374
0.4124716
-0.3502942
1.679681
-0.7708745
1.866622
-0.3379572
1.984438
1.613161
-1.557089
0.9671689
-1.187104
-0.5908425
0.08153064
-0.07382255
-0.6125844
0.9285976
-0.5857709
-0.6539166
1.820648
0.4090786
0.279192
1.528827
1.079242
1.922528
-0.450849
1.859908
1.345258
1.592635
0.04432242
0.07093661
-0.2077646
1.00149
-0.9104533
-0.7946479
-1.149334
1.29931
-0.6030933
0.4896314
0.2094664
-1.41869
0.1694815
1.286952
1.899985
-0.4665323
0.08820687
1.548703
-1.920889
0.2193875
1.561846
1.534381
-0.3946672
0.02725266
-0.3946901
1.040622
1.327339
1.753255
0.3191323
-0.7200717
0.1919205
1.69417
-1.376791
-0.3135664
-0.9235594
2.583924
-0.3207379
1.010329
-1.147498
1.527749
-0.04286184
-0.2703464
1.092524
0.3152795
-0.2952986
-0.5433105
-1.59663
-1.501254
0.2083485
0.3245814
-0.1931888
0.3704362
1.678979
-1.430357
1.347315
0.7325468
-0.8250418
-0.8893643
-0.7688722
-1.402238
-0.8790763
0.241105
-0.4027798
1.293262
2.191826
-0.6880586
-1.760148
0.2773444
-0.3101815
0.1524712
2.438999
2.166369
0.1179833
1.64337
0.5246867
0.953025
0.4146577
1.124256
1.575845
2.372263
0.04253635
-0.7400126
1.560145
1.652943
0.06838187
-0.02251369
0.04915361
-0.1020868
0.8100945
1.752401
-1.496493
-0.7543955
1.665865
1.784321
0.03175781
-0.7146282
-1.611671
0.9522238
0.1000948
0.7938432
2.557914
-0.8574682
0.03382794
1.356478
0.7939594
0.6879794
-1.316512
0.9642269
1.022542
1.599145
-0.7690671
-0.6663449
-0.7937286
0.6711645
1.039567
0.2961957
-1.597925
-0.5663446
1.718114
-1.58902
2.420551
0.6556421
-0.5075502
1.540474
0.1450295
-1.742455
0.2508783
0.8697701
1.501113
-1.449607
1.812388
1.682145
-1.565552
2.436218
1.582445
-0.1278259
2.528509
-1.003766
-0.1484132
1.550325
0.1944908
-1.568072
0.6194121
1.116294
-1.406734
-1.722996
1.711051
0.6594118
0.7594732
0.9804272
1.444868
-1.415595
0.2396852
-0.7497096
1.167122
1.010746
0.7901569
1.764488
-0.7963576
-0.9696459
-0.8970878
0.4648381
-0.4187556
0.8018452
0.4573162
0.8952789
1.736758
-1.468426
0.4052984
1.539893
-1.324985
0.1172844
-0.1620651
0.3614871
-1.497197
1.125678
-1.369085
0.7646399
0.2729306
2.595479
0.9769048
1.396722
-0.5834281
0.6558072
0.05633623
0.1762792
0.6155799
0.9409905
0.1931328
0.8726917
0.01733629
-0.7703391
0.4672492
0.8462225
-0.7711055
0.7724811
0.07152041
2.302
1.005929
0.4105893
0.2352462
-2.091452
2.099509
1.148631
0.8351259
0.0945222
1.27871
0.6916538
-0.494964
-0.02581531
-1.095971
1.817318
1.137399
1.325489
1.421773
0.9864257
-1.628342
2.275623
0.7905629
2.845259
-0.3723173
1.06106
-0.05686046
0.8842772
-0.3449629
0.1338142
0.03840339
0.166415
1.90652
-0.5382312
-0.7483993
-0.50287
1.604021
0.8300171
1.06363
-0.04826297
-0.9837367
1.40973
-1.186077
0.551611
-0.001984906
-0.5629345
-1.026532
-1.492415
0.4582437
0.3007479
-0.5131353
1.523825
-0.3503069
1.695771
0.9787744
-1.485751
-0.5224005
0.3620572
-1.392791
1.828429
0.9010912
-0.170386
-0.3700479
-1.079356
0.8012835
1.772957
1.390932
1.450884
1.10169
0.02445771
-0.758867
0.7694324
-1.116738
2.634641
-0.7022494
2.452522
1.026553
-1.436312
2.261395
-0.63674
-0.7973029
-0.1991562
0.04814097
0.1298452
0.5259
-0.611985
-1.504095
0.2296471
-1.144824
-0.3203203
1.833868
-0.6871972
1.197254
-0.3206992
2.514897
0.2238854
0.7871343
0.2833433
-0.3023337
-0.1942534
0.0006274152
1.505991
-0.6986601
1.787441
-1.483933
1.120427
-1.500662
1.228091
0.5586886
-1.852008
0.1954975
0.4467517
0.1124444
-0.7480367
0.5406821
-0.671491
-0.3838537
2.518187
-1.053938
1.041025
2.392301
2.475208
0.2398986
-0.8554151
-2.292019
1.700732
-0.6344861
0.4056723
-0.4149759
-0.4749129
0.00855777
0.7866104
2.483753
-0.461206
-1.721331
-0.3559496
-0.5587424
0.1246079
-0.3370208
0.7822974
-1.408692
0.8194214
-0.224988
1.714502
0.9006221
-0.05029512
-0.7150423
-0.1768342
0.9362712
-0.5830139
-1.149016
0.8410821
0.962715
0.6105108
0.8817143
1.506565
1.679332
0.4153963
0.8389537
0.09727445
1.537348
-0.9779692
1.059076
0.4383913
-1.618165
1.310768
-0.1535627
-0.4499883
-0.7652039
1.700174
-0.8627675
1.759391
1.379211
0.239144
1.351733
-0.6308738
1.536623
0.02861031
-0.4927806
1.199808
0.7787865
0.7702295
-0.6675148
-1.610705
1.838992
-0.5726329
1.768871
-0.6869424
-0.4267792
1.482874
0.7150553
-0.002649386
0.7413109
1.389477
-0.1638821
-0.5493454
1.114962
-0.5821585
0.3629762
0.1812339
0.07627837
-0.6151286
0.03312049
0.8398001
1.24166
2.713206
-1.597629
1.388496
0.3694499
0.7682733
2.725056
-0.4380317
0.002866669
0.7574368
-1.60497
0.7319926
0.1082713
0.09654996
-0.9713174
-0.1427239
-0.02884504
0.1013315
0.08721453
-0.2107329
-0.2173599
-1.521794
-1.795299
-0.01114543
0.005773772
0.08731206
1.680549
0.2334516
1.522189
1.057494
1.090915
-1.732609
0.8630064
0.1615012
0.2915021
2.456655
1.521236
1.972887
-0.2460501
0.06531342
-0.09489064
2.568711
2.497282
1.008097
0.7506546
1.827511
-1.25436
-0.8079589
-0.6343905
1.604422
0.7446872
0.9912959
0.3325836
0.7822472
-1.537977
-0.09899628
1.517468
1.646745
-0.7586484
0.2847592
1.21772
0.04097984
0.1916547
0.173145
2.157527
-1.292896
-1.612667
0.8112789
0.0954918
-0.1534132
-1.446479
-1.454168
0.145729
-0.5229731
0.2334759
0.2791769
0.2675206
0.7275834
-1.889544
1.233405
1.608144
-0.7636338
0.9343276
-0.7144501
-1.21617
1.37776
1.351605
-0.05671617
-0.1365411
0.4903197
1.629124
-0.0718478
-0.7808228
-0.6954493
0.1010099
-0.6594162
0.5923512
-0.4169105
-0.8221467
-0.1168357
0.237386
2.432691
-0.1085311
0.7818064
1.203435
2.382626
-0.05961536
-1.798365
1.455108
0.2358485
-0.5632687
0.308591
2.696237
-0.5093381
1.016787
2.413031
-0.3833309
-1.029223
-1.107464
1.352971
0.983266
1.377936
1.675819
0.2206817
0.1438223
-0.6303359
0.8805029
1.689014
2.493062
1.780361
1.770069
-0.04976796
0.6146769
-0.4009812
-1.434307
2.447438
1.134487
-0.737097
-0.6430991
0.02493134
0.7082622
0.9269031
1.737195
2.549973
1.616164
0.1035814
-0.08444935
0.9248228
0.9959184
1.110939
-1.425044
2.469535
-0.5770669
0.2473731
-0.4756503
1.471987
-0.7775212
-0.5373028
-0.08115672
0.6980544
-0.1942327
1.471244
0.06258935
1.810238
-0.5275509
-0.2739556
0.8598701
1.501998
-0.4986272
0.2841681
0.7915181
0.129097
0.04638505
1.080725
0.09637908
2.521104
-0.7190613
-1.566933
0.1539763
-0.471504
1.357573
0.5541545
-1.494785
-0.8198747
0.609946
-0.5234219
1.066082
2.453783
0.4474633
-0.5221816
-0.8101459
-0.4008211
1.083534
-0.825299
-1.507593
-1.863954
-1.551608
0.2000138
1.663039
1.838739
0.3064855
1.509834
-1.396915
2.571672
-0.62047
0.4358676
0.3327269
1.745251
0.2399494
-0.1742629
-0.7000191
-1.569797
-1.4076
1.625691
0.1691347
0.09510745
1.402508
-0.7589427
-0.762443
-1.359125
-1.188382
0.1220608
-0.4642072
1.026119
2.331994
1.016836
1.907395
0.8478472
-0.5001217
-0.112475
-0.8800755
-1.580162
1.665929
2.498072
0.4631564
-0.6570188
0.7246933
-1.432685
2.655092
1.759226
0.3589193
1.634737
0.8375368
0.5307664
2.608765
-1.513698
-1.005077
-0.2160995
1.647268
2.319753
-2.251303
-1.629306
-0.009113354
1.742271
0.8209549
-0.7635658
0.9267609
-0.3209854
-0.4326766
-0.7108369
-0.0267637
-0.7106991
0.04899469
2.530847
-1.425919
0.4577507
-0.6157581
2.454176
-1.604579
-1.770272
0.02688645
0.1438804
0.6899282
0.8782464
-0.2168604
1.626838
-0.4909774
1.279094
1.582359
-0.6468171
-1.630569
1.715988
0.5821447
0.2251148
1.039254
-2.223647
-0.2520103
2.167769
-1.107414
-0.8144547
0.1103615
1.695728
-0.7228575
0.05194764
-0.6086748
0.1139936
-0.3082831
-0.9812018
1.710356
-0.3370961
-0.1985761
-0.6336192
0.8004776
1.472967
0.2681842
-1.657596
-1.532317
-2.135004
-0.4199619
1.009056
-0.6574702
1.394838
1.558167
-0.856568
0.4255343
-1.543754
0.7958097
-0.5489642
-0.334451
1.388145
-0.4095029
0.5127646
1.590771
0.928251
-0.07726022
-1.119649
0.508411
-0.7846263
0.4596329
0.6858275
1.561434
-1.496977
2.539389
-0.4868549
-1.616617
0.2488664
-0.4962144
2.488699
-0.4704042
0.3450395
-0.4687875
-0.5792
0.3482991
0.5873872
-0.7217594
-0.05984646
-0.7803354
-0.3390032
0.7585671
2.483393
-1.354279
1.822734
-0.9232957
0.4874981
1.754469
1.49389
-1.521823
0.8488149
1.361533
0.9999912
0.1561061
-1.395903
-0.8879208
1.723094
-0.3772241
-1.611024
-0.4963594
0.9256307
-0.3057362
-0.8550579
-0.06777065
1.060395
-1.070816
0.801482
2.611662
-1.87448
0.9593104
0.8178251
1.44333
0.3566823
-0.08883341
0.02948828
-0.4549096
1.456987
1.013933
0.7103915
-2.04091
2.039579
0.03504916
-0.6885133
-0.1986783
2.538939
1.080284
0.5969589
1.603186
0.93861
-1.709417
0.1890436
-0.8551493
1.066083
2.333249
-0.01425769
0.01576686
0.9231574
0.9825606
0.1787783
-1.571535
0.9501652
-1.573104
1.732118
0.1615569
-0.3572041
1.209274
1.985309
-0.5216944
-1.313104
-0.6158855
-1.520492
1.430418
2.508874
-0.0669759
2.030313
-0.3865364
-1.315001
1.83462
1.103125
0.8153925
0.2019847
-1.669172
1.064892
1.361785
1.64108
0.6528664
3.896005
-0.4757603
0.166295
1.900299
2.997905
0.8481753
2.559153
-1.364879
-1.869148
0.05284202
0.08803108
0.5077951
1.481156
-1.748552
1.88046
0.8938272
0.06211241
-0.7391528
1.574939
-1.147757
2.179145
2.180805
1.111351
0.2593673
1.350261
0.01080195
-1.598632
0.04296845
-0.8151887
-0.07602115
0.3904985
-0.6540036
1.816659
0.8020542
-2.214553
1.853044
-1.358951
0.7956167
1.107083
1.272633
0.1068843
0.7550111
-0.03553052
-0.3515375
1.410155
0.7692118
-0.1732144
1.006342
-1.497088
1.490109
0.01215745
0.7680876
0.88324
-0.3637391
-1.094005
-0.08666496
-0.2418532
0.2689157
-0.2674793
-1.446663
-1.795614
0.1671333
-0.6625493
0.8347457
0.7403928
-1.541688
-1.368814
-1.513411
-1.268401
0.1283845
-0.1603286
1.924208
-0.178293
0.1807444
0.4806115
-0.4468981
0.8045241
0.06210406
-1.298841
-0.9314095
0.9520807
2.05387
0.6894106
-0.1428008
0.1210415
-0.8700101
0.5980453
-0.3902493
-0.09695177
-0.9252987
1.736013
1.319591
0.3397061
2.639049
-0.8406641
2.634284
0.2532388
1.649152
0.7289086
-0.432436
0.9420591
-1.559127
1.296188
0.9055524
-1.424318
1.593418
0.8354722
-0.7337574
-1.485299
1.538864
0.02865004
-0.3108807
0.03490923
1.073181
0.03775133
-0.2498029
0.2819554
0.7462197
2.454217
0.1751257
-1.192709
-0.7637119
2.492634
0.08882941
2.512214
-0.2979754
1.374359
-1.434768
1.591494
-0.3546134
1.069506
-0.1963992
1.428031
-0.5982762
1.489106
-0.6188762
1.690303
0.774565
1.566376
1.940867
0.5468229
2.104387
-0.8475039
0.9595342
0.9180362
2.585694
-0.08257852
1.438352
0.2247912
0.7903157
-0.4492476
-0.7900567
-1.578511
-1.671512
0.2685041
2.281917
0.1261754
-0.8538777
1.415244
-0.04648834
-1.616184
0.9135889
0.8973653
-1.972906
-1.538791
0.2375666
1.120618
-0.04627819
-1.427167
-1.666596
0.009299193
0.2822916
0.720022
1.427349
0.6516124
-0.8241599
-2.456073
1.470612
-0.9179617
2.601161
2.421476
-0.3714897
1.000339
-1.666158
-0.4556136
-0.1194532
1.782383
-2.234682
1.73549
0.8401018
-2.187419
1.375739
0.6488257
0.9798239
2.524781
2.362014
2.579675
-0.1797917
0.1336201
-1.611742
0.7441693
-0.01091892
-1.622112
0.7276123
0.7141383
-0.9368681
0.8617689
-0.6807743
-0.4645527
0.08248446
-0.6691496
-0.2524415
-0.570524
1.424825
-0.982015
0.1070784
0.08371532
-0.08628964
2.485688
-1.832568
0.01546118
0.3404968
0.4820713
0.3319217
0.221508
-0.8890301
-1.475251
1.52381
0.8431126
-0.5768382
-0.7702907
0.2634243
0.2642233
2.766083
-0.2439906
-0.5030908
1.634019
-2.174298
-1.721263
2.623165
0.5141946
0.7958806
0.7657032
0.9098611
-0.6195088
2.626571
-1.268754
-1.53876
1.781802
-1.393608
-1.483558
-0.3426282
-1.137676
0.06465958
-0.5099884
-0.3632038
1.202276
0.0330294
0.8587185
0.3255523
-1.51061
-0.8128436
-0.5637515
0.277307
2.027752
0.00734407
2.46069
0.4195367
2.52524
0.3670666
-0.6812197
-0.7560648
0.04210071
0.7776967
0.8454881
0.2634045
0.06448562
2.571037
0.1869775
-0.5640182
0.4799207
2.408283
0.3882269
0.7049826
2.362884
0.2140134
0.6823446
2.477931
-0.5453627
-0.4400094
1.060158
-0.3350754
0.772104
0.7046506
0.8043735
0.6940883
-1.15305
2.383061
-1.241643
0.1451531
-1.249517
-0.3941079
-0.5825648
1.598523
-1.409879
1.440394
0.1914247
1.376022
-1.451845
1.775992
0.003243058
0.6363165
-0.4789654
-0.7546785
1.706199
-0.7025845
-0.7958493
-0.8054887
1.307932
0.7223432
1.339513
1.091361
-0.2225074
-1.580245
0.6685418
1.289827
1.585685
1.930501
-1.159049
1.540675
0.2146771
0.2656975
-1.30602
1.712185
1.472539
-1.842805
1.148863
0.8658582
0.7517927
0.2826889
0.3098442
-0.6246022
-0.004752629
0.1864773
-0.07653915
0.9275114
-1.071935
-0.4582022
0.9627151
-0.07344451
-1.419633
1.726949
-2.548909
1.748301
-1.542005
-1.780887
-1.190669
-0.8484278
0.3991892
1.372046
-0.9113073
1.672431
0.06599239
-0.4619328
-1.558657
0.8675187
0.9869411
-0.06881877
-0.8111828
-3.378658
0.3492256
-0.7642715
0.02771588
0.6739126
1.779948
0.7490636
1.419683
0.1621204
-0.3245212
0.7051424
-0.002816532
-0.9615233
2.364203
-0.4010684
2.52908
-0.5291235
0.7255441
0.1795794
0.7563672
-2.223051
-1.488119
0.2924134
-0.2946736
-0.05500102
0.8905413
2.398176
2.36849
2.418677
-0.633291
-0.7992572
-0.6106325
0.2851008
1.165375
2.398394
-0.4521353
1.050357
-1.362264
1.030101
-0.4330035
-0.1310086
-0.3380237
1.080602
2.431957
1.705984
0.008179292
0.4849325
0.777645
-0.9990581
0.8295179
-0.4385167
1.120146
1.604336
0.6799293
-0.8784583
-1.521709
0.1879177
-1.516305
-0.5339139
2.797738
1.647273
-0.6406482
-1.602607
0.6378365
2.507315
0.9767159
-1.258205
-0.07861202
0.4096058
1.138093
0.272678
-1.375177
0.5050867
-0.3813091
0.5697384
1.501936
1.850916
-0.994137
-1.521963
-0.0190824
1.775132
0.7452733
-0.2351984
1.55714
0.2512586
2.583383
1.008111
0.1037162
1.093502
-1.503097
-0.9626397
0.9933656
-0.5752739
0.1971185
0.3996302
0.7342509
-1.136507
0.6766896
-0.5557895
0.2603076
-1.935038
0.9683345
-0.704033
1.724182
-1.520356
0.3229399
0.4754223
2.307141
0.6515314
-2.215626
-0.8475644
0.1760748
1.019538
2.033686
0.7152256
-0.5561527
0.5581999
0.2544768
-1.210462
1.29942
0.5098032
2.396721
-0.8726636
1.077427
-0.3792855
1.478392
-0.5110255
0.3041441
0.9868736
0.1616435
1.742524
0.4341882
-0.4791351
1.721076
-0.8233584
-1.142344
-0.4504087
-0.7520138
0.2786246
1.666789
0.9847792
1.854343
0.456498
0.7478957
2.550038
-0.6036025
1.106001
0.49334
0.7225481
0.4330431
0.4735247
0.1875299
1.924179
0.6014818
-0.8555815
0.7448646
-0.1486172
0.973488
0.4838169
0.4162171
0.1449708
-1.519767
0.1561394
0.6620868
0.9669155
-0.706474
1.323552
-0.1903557
1.629896
2.515409
2.527522
-0.7303714
-2.119134
-0.8027149
-2.079904
-1.448986
-1.353006
1.634383
-0.213067
-2.677855
1.671249
-1.320106
-0.9940525
-0.1296947
0.05027105
2.365178
-1.198728
0.9694049
0.8017884
0.8914215
2.424625
-0.3129686
1.60482
0.1430019
1.225158
1.212073
1.414219
-1.001751
-1.252455
0.865789
-0.6279284
2.596368
1.69533
-1.700763
-1.260828
0.7091309
-0.1172823
2.474897
-0.6279245
1.760832
-0.0369455
-1.064409
-1.796464
1.241246
1.49758
2.5045
0.8191441
-1.112209
-0.7902146
2.104681
1.051969
-1.533245
-0.3842003
-0.1100524
-1.408022
1.541776
1.765694
1.148318
-1.752601
0.7091882
0.4427877
1.439704
1.030215
0.1524524
-0.976799
0.1662878
0.1113211
-0.7189649
1.013163
-0.7988046
1.069035
0.8434345
0.3287404
1.486394
-1.420921
-1.514405
0.1532796
-0.1171677
1.486325
1.389563
-1.103693
-0.5040237
0.02725976
0.09017077
0.8543211
0.2763056
0.3155376
2.598372
1.838951
-0.6297252
-0.07878569
-0.1504212
1.672889
1.506961
1.385604
0.8337645
-0.8519237
1.930199
-1.168721
0.7789995
0.6468593
-0.5051712
1.40389
1.54792
0.908911
-0.5751601
0.4221305
0.504401
-0.7660597
-0.3984659
-0.9133612
0.3579198
1.252713
0.4264915
0.2016059
2.48268
1.389784
1.515058
0.9873494
1.055914
0.6278108
0.1314131
-0.7909849
0.6554804
-0.3474339
-0.2486961
1.836478
-0.7464816
0.05688968
-0.02698759
0.005385256
1.741001
-1.402491
-0.4138835
-0.4287931
0.7102468
0.2333622
-1.409503
-2.06401
-0.5471786
0.2000602
-1.393088
-0.7318129
0.8402325
-1.193144
-0.795949
-0.7248625
-0.6762133
1.748408
-1.831437
1.023057
1.100683
0.3879617
-0.4187519
1.47527
2.353982
-1.319362
-1.451886
-1.962758
-0.5897492
-1.323007
-1.293644
-1.4257
-1.409651
1.019175
0.2279747
-0.2513711
-0.08864899
-1.691238
-0.06310009
0.6551322
2.383069
0.9587697
-1.363062
0.676758
-0.2988398
-0.1483261
-0.7017721
1.373365
0.1874223
-1.573898
0.3641516
-0.6629344
-0.8396343
1.793478
0.008170116
-0.1615412
2.208005
-0.5640589
-1.506463
-1.647158
-0.08079158
-0.1139698
1.298221
0.7374647
0.1981467
0.3014406
0.001805262
1.567058
-0.6575907
-0.3658911
1.750363
-1.409664
1.540405
0.4964201
-1.380822
-1.063254
-0.684017
1.005787
1.615336
-0.1064843
1.734687
1.737951
0.5260131
0.6879249
0.5118336
1.087674
0.1117627
-1.532725
1.604921
0.4864886
-0.610516
-2.337437
-2.888064
1.515081
0.7958028
2.554529
0.7598696
0.03843263
2.453639
0.9685702
2.372358
-0.5660098
-0.7810911
-1.202878
0.428346
0.2515189
0.01102239
-0.8242827
1.0411
0.01993047
-1.480846
1.97646
-1.01542
-0.5215228
0.4404552
-2.043758
1.742426
1.624026
0.7354318
1.229165
1.597488
-0.4282725
0.1424703
1.310114
1.924853
-0.3946672
-0.6821742
0.808316
1.621238
-1.265677
0.2414707
0.2798351
1.585813
-0.4872114
1.268134
-1.585977
-0.8062801
-0.1299222
-1.221026
-0.1682127
-1.417848
-1.351884
-0.617355
1.435272
-0.3780428
0.02221087
-0.7365392
0.7896834
0.1685935
-0.003739383
-0.7910429
-1.492056
-1.629573
2.423022
0.7535708
1.48133
2.536096
2.480004
-0.5186657
1.72289
-1.440787
0.008216017
0.66052
0.7639097
0.877177
-0.9774481
0.2929236
0.6801245
2.605935
-0.2383697
-1.606784
1.416805
-1.21782
-0.9598751
-0.07921543
0.06584192
-1.184652
0.8668917
-1.523605
-1.494431
-1.485411
0.9039038
2.052145
0.2828551
-1.713791
-0.1867631
0.1234634
1.784803
-0.6491128
1.148017
-0.02311323
-0.6569721
-0.4081064
-1.50649
1.241296
0.8160859
-2.365046
-1.57345
-0.6845877
1.123327
0.6752212
-1.586365
1.612555
0.118452
-0.4968552
1.619547
0.2644992
-0.6965303
0.9587724
2.659585
-0.7123686
-0.04257309
-0.5908834
2.09891
-0.194524
1.905501
0.6908176
-1.479683
1.002595
2.180277
-0.647851
-0.5983214
-1.635668
0.964565
0.6559324
1.321505
-0.02195629
1.688119
2.450016
1.709421
-0.4679648
-0.6218672
0.7968506
-0.04428014
1.367765
0.7355033
0.3351319
-2.146412
1.148855
1.881562
-0.6412812
0.1501409
-0.78901
-1.397446
2.856422
0.8314616
0.4664806
0.8201361
0.2552173
-1.08715
-0.703098
-0.6508213
0.1464663
0.4619662
-0.9717232
-1.045307
0.4401004
0.4885119
-0.6362784
-1.908763
0.2842412
-0.6299351
-0.08792041
-1.562152
-2.157011
-0.5263219
1.260016
1.937115
1.629329
0.01127323
2.378891
-0.3333326
1.831658
0.3925063
-0.7422952
1.310921
2.359113
1.513046
-0.4514552
-2.440795
1.362241
1.774964
-1.56776
-0.9847893
-0.4531768
-1.5836
-0.07697552
-1.221128
0.9784221
-2.070987
0.5093506
-0.6006085
0.9289858
-0.8893348
2.553392
-1.537552
0.171118
-0.8089182
-0.04928886
2.581687
1.78222
-0.5606333
-0.5167007
-0.7215036
1.984026
-0.9849666
0.6880138
-2.630613
-0.906088
0.335895
-0.1597959
1.774263
0.384506
0.5853861
0.5840854
-1.886508
-0.5650131
0.7096088
0.4867514
-0.8156807
-0.7265814
-0.5331404
1.098049
1.477639
-1.889234
-0.6129452
0.9791628
1.897452
1.428804
0.05545906
2.386302
0.7611583
0.8381952
-0.3483778
0.1297325
0.3954373
-0.4701054
-0.07621459
0.03640537
1.040054
-0.4618746
1.245257
-0.2551595
-0.4166896
-1.430442
-0.5741322
1.415226
-0.4665479
0.1253914
-0.09911005
0.8515912
0.8077268
2.476954
-0.6956917
0.5633482
2.402106
0.535404
0.8572249
0.01390677
-8.145532e-05
-2.284839
0.6271339
-0.03698613
2.503939
0.02828155
-0.5885862
-0.08791768
0.653844
0.2561191
-1.079084
0.8190133
-0.5945323
-0.3525639
-0.2630754
-0.7751434
2.60876
-0.355861
0.1458333
2.458797
0.2627518
-1.926427
0.1889084
1.489858
0.05678638
-0.8359119
-0.04029404
-1.674626
0.2068452
0.8166022
0.1064829
-0.2715871
0.09817305
1.414194
0.007892365
0.8866378
-0.6861598
2.36167
-0.8459729
1.825358
0.372665
-0.3026036
0.2081997
2.031312
-0.7535441
-1.800002
-0.240837
0.431992
1.671987
-1.476474
-2.440564
0.6917216
-2.122075
-0.7478134
0.3637624
1.00818
-0.4732183
-1.308033
0.1970293
1.672058
-2.698193
-0.09100136
-0.08150953
-1.198578
-0.4997676
-1.473796
1.850085
0.9254907
-0.1563498
0.7721069
-0.4844776
1.047543
0.1252027
0.8117774
0.2938481
-0.9075964
1.525668
-1.764971
0.02512735
0.743884
2.40095
-0.5802896
1.993906
-0.04549655
-0.06269939
0.267809
0.01614024
-0.4092708
-0.4952636
1.195931
0.3061579
1.136876
0.7608176
1.833682
1.743764
0.4857493
2.585963
1.754152
-1.415557
2.580222
-0.7719247
-0.3401388
-1.737665
1.649218
0.8729419
-2.056788
-0.003796346
0.2287884
-0.1169431
-1.539274
-0.5497767
-1.66263
-0.9000908
1.469877
0.3560621
0.1217652
0.1742979
1.846829
-0.5922492
-0.01143754
-2.56299
0.04378598
1.353256
0.3882516
-0.7442065
-0.5007231
0.7693834
0.7117542
-0.2903509
1.860953
-1.289062
2.447253
1.184666
1.543655
2.243712
-0.09957548
-1.463275
0.783637
-0.4406113
-0.6742581
-1.407708
1.880167
0.5984622
-1.450805
0.4893229
1.970763
-0.3339756
-0.7623318
0.3200479
-0.4296177
-2.211357
0.7312767
1.362067
-1.510507
0.7820374
-2.029215
0.914814
1.035335
1.531523
1.555386
2.371867
-0.7989133
0.1941991
-0.3514572
2.479814
0.07095976
1.442728
-2.384281
1.464835
1.704908
2.371559
-1.529404
0.2971185
-0.008256774
-0.7973228
1.803624
0.1472898
-1.891886
0.3822059
0.3363303
3.522143
0.2225116
1.039113
1.577166
-0.7041642
1.648645
1.310525
-2.240092
-1.175464
0.8345291
0.7975481
-0.4294106
0.9288606
-0.7345205
1.379265
1.352966
0.07714009
0.7161501
0.3297391
-0.1934301
0.5964562
0.07950051
2.482469
-1.351696
-0.7442078
1.390095
0.3839818
1.800691
0.6171572
0.9165007
-1.612708
0.9973114
-0.7166734
-1.983839
1.068072
1.69797
1.499967
1.672318
0.3961639
0.9632186
-0.3564532
-0.312503
1.936912
0.8388227
1.063014
1.13117
0.5094801
1.805734
-2.091824
1.49686
2.727895
0.9590556
-0.1615266
0.5806747
1.757089
0.6986902
1.841568
1.876354
1.003401
1.069835
0.818803
0.08856744
-1.558228
0.06405928
-1.167274
0.491321
0.7347022
-1.382363
0.6754246
2.426185
-1.489077
-0.3963748
2.787623
1.032862
-1.595568
0.15643
-1.404312
0.007474278
-0.2421956
0.7892629
-0.7299739
2.104996
1.628287
-0.7518501
0.5763148
0.3826668
0.2124294
-0.4357013
1.044992
-1.477326
-0.07747614
1.560913
-0.5330319
2.354239
1.671484
-0.6964079
-0.5763876
0.3154191
0.6587014
-0.1818791
-0.8107241
1.366553
1.778619
-1.411048
1.3361
-1.4956
-0.5123494
-1.374467
-0.163888
-1.581109
-0.04057742
-0.5318009
-0.08814791
1.614448
0.2219773
-1.368683
-0.091337
-1.241305
0.3676471
1.76817
0.1211016
0.2838348
-0.08609562
1.08688
0.1477895
1.748503
1.388353
0.2862624
0.04565226
0.9383105
-0.4659808
1.725759
0.1623602
-0.7909808
2.63939
-0.7621399
-0.6299869
-0.3036821
-1.907485
-0.3754348
0.1721389
1.402576
0.4166609
1.524072
0.3052926
0.8786627
-0.008308656
-0.744874
1.596023
-0.08622503
1.266822
-0.1596128
-1.353597
-0.6738633
0.8537524
-0.00665209
2.015088
-1.015342
0.5344463
-0.5551489
0.7078578
0.3199933
2.337988
-0.203239
0.9004228
-0.7234736
-1.035848
-0.7228622
0.4500343
0.9986329
-1.771765
1.778825
1.562279
0.1876608
-1.52428
0.6815737
1.622343
2.464991
1.057181
0.3005111
1.871782
-0.753283
-0.5900248
1.686247
1.741316
-0.623
1.549836
-1.230545
0.5023221
0.1675319
-0.8444829
2.38576
2.529547
-1.408219
0.6794039
1.630514
-1.328858
-1.378247
0.06318074
-0.6620523
-0.5729553
-0.5321628
0.3609554
2.379076
2.576636
-0.5222134
0.2834581
-0.5485501
-0.7758902
0.5363258
-1.526451
-0.07774973
0.1508324
1.510156
0.5564575
1.772391
-0.02701246
1.581167
-1.459726
-0.3235335
-1.571716
0.3177872
-1.542986
-1.586076
0.846946
-0.1983555
0.6476354
-0.401752
-1.392394
1.680347
-0.7612964
-1.542178
1.472332
1.758828
0.4829903
0.9590046
-0.8079236
-0.3514844
-0.1503308
1.157259
0.271052
0.2941753
-0.4868764
0.2702974
-0.5759723
1.72789
1.959532
2.5255
-0.8073211
1.802453
1.446644
0.5437891
1.139178
0.08177066
-0.8472393
-1.184895
0.6983473
-0.85262
-0.3377807
0.5925386
0.08864551
0.1325559
0.9564544
-0.8463071
0.5823083
-1.597102
-0.7201219
1.247123
-0.6060597
0.01689814
-1.363924
1.59289
1.902416
2.550765
0.1478331
0.02738079
-0.608354
2.422705
0.3078994
0.2021052
0.08118156
0.1282042
-0.6602994
-2.055217
-0.5826404
0.07837954
-0.5365614
0.2153907
0.04883412
0.8707984
-0.3851221
-1.560623
1.365555
2.471772
0.7069748
1.381567
-0.8988789
-0.9934248
-0.07492587
-2.096113
0.9260669
1.584904
1.848735
0.6400846
-0.3216029
-0.2803068
1.081962
-0.009186652
-1.042197
-1.463722
-3.09138
-2.228404
-0.6011023
0.4077957
2.046587
0.03872869
1.274234
0.5418656
0.1366125
0.3133296
-1.129816
0.4229012
0.9788985
1.594148
1.444009
0.7430281
0.08838195
1.03448
0.5994571
-0.4866091
-1.545184
-0.1488602
0.1568243
0.1327357
0.0913328
0.09299788
0.1826479
-0.3706932
1.659458
-0.9058473
1.172176
0.3817513
-1.405401
0.2986025
-0.2515498
0.3630881
1.15251
0.07311002
-1.581118
2.577404
1.737854
2.409552
-1.824829
-0.4640493
-0.8224619
-0.3986496
0.1130769
-0.6601892
0.5757484
0.7057449
1.080094
0.1264339
0.9668214
1.707075
0.6494794
2.573562
0.02805919
0.718945
1.476826
-0.8822225
-1.297221
0.5716454
0.2225299
0.2566081
0.5445073
0.2921026
-1.670547
0.1531983
-0.7570012
0.7680475
-0.3696613
2.440674
1.122685
2.382577
2.54298
-0.748238
1.611579
1.840246
0.6776036
-0.2624468
0.6706006
1.591908
-0.6265731
-0.5274322
0.01170598
0.2531396
0.7248449
0.174508
-0.8881026
0.0972954
0.2961771
-1.576588
-2.400412
0.2284205
0.09281788
2.283747
2.419006
-0.7861577
2.020511
1.050182
-0.8470776
-0.6372028
-0.520654
-1.006466
-0.09159866
-1.208086
-2.764917
1.244482
-0.2647981
-0.7637632
-0.5014548
2.426121
-1.813814
-0.7425682
-0.9050845
-0.4055617
1.525065
0.00442293
0.4868155
1.642552
1.764563
0.821995
2.492915
-0.8361205
0.7005133
0.6872953
1.190108
0.5225816
-2.139674
-1.465502
0.3826998
0.9626135
1.785905
1.901854
0.2756445
0.1692147
0.3647022
-0.9314599
1.579331
0.7816574
1.265766
-0.3713736
1.75238
0.3628927
0.7386394
0.4198677
1.42897
-0.1212211
0.3286454
-2.444615
1.566553
1.028547
-1.827379
1.552438
1.038625
0.192421
-0.3730568
-0.8302601
0.1961321
-0.8820675
-1.380094
-1.225862
-0.07552951
0.5527296
1.595489
-1.326222
-1.494105
1.80122
-0.6607258
1.204216
1.73973
-0.6623197
0.01246232
0.9726284
-0.05540693
-0.153564
0.07578859
1.42618
-0.2140738
1.632386
-0.6912317
0.9049871
0.1047738
-0.06411184
1.787449
2.610389
-0.1854441
-0.5606086
-0.03082076
-0.02315603
-1.057883
0.3059353
-0.7928028
-0.4717159
0.6433175
0.7375815
-1.687523
1.843259
-0.9608446
1.037162
1.445628
0.4926188
-0.8048883
0.5909584
-0.6439507
0.1431034
-0.02296657
-1.311569
0.7142804
-0.5058088
-0.9343849
-0.01177497
-0.7546938
0.2414491
-0.5833816
2.463588
0.08477666
-0.5836061
-1.40889
0.7352408
1.873285
1.549907
2.576252
1.626683
-1.70899
1.797648
-1.416601
0.2306177
-0.356048
0.7647152
0.6013835
0.5895629
0.2589228
-1.565751
-1.976683
1.984776
0.6256643
1.245876
0.06465558
0.5317437
0.7776242
1.406198
0.9808337
2.555959
-0.4378176
-1.440169
-0.8821122
2.879128
0.179808
-1.448333
-0.01406979
-2.170021
1.426583
1.32737
-0.07949937
-2.013669
2.429921
-0.4067492
-1.34207
0.179571
1.341058
0.6556214
0.8325682
-0.7037172
2.43629
0.2145676
-1.431082
-0.4843302
1.780677
-0.3540319
-0.918378
0.9619335
0.4277302
1.373356
0.6136429
0.6692758
-1.269245
0.06636736
1.525928
0.2006143
2.48546
-0.3114202
2.104951
1.100286
2.390028
-0.7214364
-1.228626
0.6485159
-0.9023937
0.4627017
0.03148242
0.9038301
-1.664264
0.3324558
0.09233474
1.578193
1.578173
-1.027797
-0.7671695
0.9287944
1.640437
1.841751
-1.470359
2.510118
-1.67259
1.629517
-0.2643901
1.665544
0.2476673
-0.4437853
2.577568
-0.45759
-1.751935
-1.211159
0.7705284
-2.013257
1.569892
-1.439389
-0.2534876
0.009371158
0.9786351
0.7945864
0.7800947
0.06335417
-0.4072521
-1.770098
0.2630085
0.9413688
-0.111432
-0.1510041
-0.7580901
-1.821104
0.6701982
-0.5419045
-1.724545
1.266524
1.642138
-0.4397156
-0.6035728
1.079781
-0.4487079
-0.00162493
1.153666
-1.547555
-0.7453513
0.5011002
2.542324
0.8735177
-0.7732012
-0.8499312
0.1941536
0.6830342
-0.3377275
-0.5612072
0.2968842
1.952587
-1.392032
-0.556787
1.699118
2.50216
2.537564
-0.3874042
-1.991241
-1.586646
-0.5302691
-1.542771
0.03520299
-1.331585
0.9530751
-2.634173
0.798219
0.9438005
-2.273622
1.352923
-0.7513626
-1.572696
1.496544
1.645523
0.2791238
0.2565654
-0.4068929
2.469947
1.954621
1.609944
-0.5431788
0.6672295
2.604727
-0.6660374
-0.228043
-0.01298895
0.7064919
2.635146
-0.7948315
-1.430524
2.537292
-1.580079
0.9056672
0.7741335
1.269595
0.3371765
1.601702
-0.542715
1.443012
0.6207232
1.619284
1.09391
-1.747776
1.381997
2.02708
0.1639737
0.3148469
0.02081685
0.235755
0.9106008
-0.4881522
0.8686324
-0.04728539
2.214363
1.110225
1.865255
-0.08778815
0.6152771
2.10219
2.372434
2.705958
1.489795
0.8042298
-0.8733305
-0.5346513
-1.605323
0.8846785
0.8103809
-0.5507999
-0.5605214
1.726087
2.655775
1.435583
0.01587086
-1.39263
0.2128506
-1.042787
1.670339
2.397052
0.464268
2.585672
-0.09253106
-0.4991718
1.171316
2.508099
-2.329129
1.521732
1.564257
1.476598
-1.206303
-0.1869081
-0.7828993
-0.5570507
2.440986
0.8772235
-0.9320198
1.396554
-1.950361
0.1949244
-0.5076819
0.7604418
-2.743353
0.1885469
1.838893
-2.223887
-1.337505
-0.5043924
1.532295
-1.387628
1.618633
-0.08067666
-0.723905
0.2821335
0.1771593
1.73775
1.710616
-0.722551
3.18163
-0.6409623
0.998145
-0.3872831
-0.3025278
-0.01027302
-1.478474
1.52931
-1.414238
1.629978
0.964543
0.2647613
0.736516
-2.229521
0.1393625
0.9651927
0.1091448
0.7711253
-0.9177614
1.501799
-0.01532616
1.568418
-0.7378272
-1.525172
0.1513833
1.356533
2.624435
0.4588931
1.4803
1.851951
1.646722
-1.45056
0.8922486
-0.5251212
-1.357818
1.944017
0.7664595
1.646154
-0.7861305
0.7042724
1.908619
0.7630958
-0.5645992
1.546926
2.417636
1.48546
1.495456
-0.8340846
0.02036239
-0.8427581
-1.310053
0.09091699
-0.07747634
-2.168473
1.443986
1.820553
0.07291693
0.995787
0.9740819
1.707187
-0.1298998
-0.3016361
-0.6060435
-0.670882
2.748232
-1.513229
-0.1954871
-0.9899574
0.7509015
0.4703891
-2.405871
1.592134
0.8423391
1.449522
-0.4582339
2.500055
0.9673844
2.417374
2.563289
0.8073302
-1.695841
1.41943
-0.9660184
2.602454
0.948643
-0.4530676
0.4273601
-0.06695431
-0.06433063
0.1425895
0.5301081
-0.09897446
-1.450263
1.015075
1.735995
0.3756944
-1.965815
0.7559934
1.433474
1.550226
0.9127744
0.1847139
2.506183
0.03559222
0.5347785
-1.490764
-1.653467
1.721023
-0.1232726
1.538422
-0.4774934
1.889917
0.9973334
0.8062419
1.611284
-0.5228345
-0.3422738
-0.1246549
-1.608341
2.135001
1.485588
2.746938
-1.494573
-0.7990031
0.1426337
1.674767
1.695498
0.7551853
-0.7036162
0.619971
1.005778
0.2577018
2.00227
0.236288
-0.1809565
-0.2501165
2.577621
0.7349843
-1.68801
-0.0811108
1.524161
-0.7074646
0.84632
0.05611815
0.9619769
1.447107
-0.06712664
2.533901
-2.526169
-0.9046633
-0.7697356
-1.418079
1.038702
0.09586445
0.2822531
-1.42495
-0.331098
1.08039
1.795022
0.07255521
-0.8472048
1.535739
-2.802751
0.3892345
1.571128
0.8129742
0.6694378
-0.7877909
-0.6272512
1.352253
1.816572
0.3569659
0.44872
1.690548
-0.6566999
0.3191277
0.7599768
-0.6083121
-0.6526563
0.3160544
0.9380277
0.8385265
0.874833
0.8109734
-0.7164399
2.650494
-0.2995572
-1.431028
-0.7512089
0.9371228
-0.5728621
2.438864
0.6055151
1.878274
-0.4914279
-2.895126
0.1568174
1.393488
-1.713249
-0.07323039
0.8256961
-0.05066372
0.662724
1.577034
-0.6254926
0.3150148
-0.2316355
0.2740816
-1.864806
0.392429
2.46083
-0.7180046
0.3993238
0.8003931
-0.4277587
0.7819674
1.146295
1.856903
-0.6153576
-0.07717803
0.6766185
-0.4696337
2.730885
-0.2507329
-2.115349
-0.919105
0.1177559
-2.864076
0.2891127
0.7973255
-0.4666374
2.071417
1.693382
-2.250726
0.7047557
-1.496118
1.749959
1.100744
0.8191542
1.61423
-0.3392363
0.339536
-0.4088736
0.7254577
-0.5332407
-0.9217446
0.7516446
-2.020148
0.1743611
-2.085432
0.4675789
-0.5842437
-0.8543166
0.1296902
-0.7257505
-0.6504509
1.37367
-0.5659618
0.2306666
0.1094442
0.8075459
1.774368
1.649794
0.9167631
-0.1483624
0.3531641
-0.3749765
-0.2084332
0.1768596
1.058104
-2.58273
1.65429
-0.5762122
-0.5398355
0.8274837
1.688275
0.6612536
0.2033245
2.222365
0.7628236
0.8234308
0.3776319
-0.05855939
-0.7575166
-0.9871519
0.9596792
0.13509
-0.7826521
-0.3946873
-0.7843774
-1.057305
1.101761
-2.053903
-0.6171282
0.09056762
0.9001589
0.9904695
-0.5792799
0.0399524
1.201252
-0.3334905
0.8805593
2.342217
-0.8373078
0.01837261
1.579624
1.398729
0.9718042
1.012045
1.676219
2.345087
-0.04458236
0.5991377
1.734057
-0.0703694
0.3073376
-2.458582
-0.5954822
-0.7322564
0.9129123
0.06884583
0.4041427
2.002043
0.9557285
0.4634561
-0.1021035
0.07926235
2.459674
-1.773445
2.196626
1.288972
1.468306
1.630046
0.8495114
0.7783964
-0.6535723
0.9104586
-1.925163
-0.910005
-0.8109008
-0.2229797
0.7032462
0.2534888
2.541002
0.3849225
-0.3103815
-0.9547581
0.1347269
1.281626
1.465145
0.4511766
-0.3099927
0.5337653
2.523205
-0.7133039
-0.4978549
0.6473618
1.221058
-0.003170992
-0.1497239
-0.9013672
-0.1994005
-0.6725496
0.9479919
0.351838
-1.237096
0.3273781
-1.474987
0.3581291
0.3728191
1.051558
-0.1162564
1.581939
1.817638
0.2709815
-0.9089838
0.1500769
2.437073
0.5194325
2.404818
0.03031889
-0.7655558
0.1079431
1.868748
0.8653302
2.584819
0.8143705
0.1265937
-1.596926
2.015699
0.0357647
-0.6444383
1.686405
1.162039
0.1235273
0.995031
-1.462478
1.06701
0.10997
2.465947
2.449763
-1.142517
0.1677342
-0.3278892
-0.6206423
0.05101564
-0.3940154
0.8770693
0.8727937
0.655364
0.108286
0.2885026
0.206613
-0.1018711
0.4329694
1.489975
0.9189611
0.8528767
0.1515478
0.2128997
1.089376
-0.01668001
-0.3129835
0.2430281
0.6010651
-0.8387068
0.9869246
1.543433
0.1335822
0.06183587
0.669439
-0.9928743
-1.00883
-0.04937888
0.3761099
-0.3511918
-0.02832639
1.810355
-1.003913
1.456496
2.434851
1.805847
-0.753112
2.423239
-0.2625011
-0.8365561
0.5097062
-0.536752
-0.01695302
-0.5013914
-0.9193742
-1.624444
0.8529987
-0.4415854
2.271575
0.7380887
-1.453836
-1.367812
0.3301268
-1.494018
1.059586
0.2748095
-0.7179084
-0.523965
0.7181116
0.6844427
-1.337318
-1.749393
0.9966006
0.6933365
0.1922836
1.327699
2.545369
1.170945
-0.4533362
0.2268436
-0.5069854
-0.743961
-0.6239962
-0.9556408
0.3667065
-0.6906603
1.412049
4.427317
1.034644
0.7672561
-0.6890954
2.208534
-0.13837
0.9801406
0.2741806
-2.373571
2.177167
0.1106879
-0.7078382
-0.5873528
-0.3999811
-1.90081
-0.6014455
-1.409115
-0.4841045
-0.7545538
-1.671066
0.5446587
0.4058483
1.725012
-1.417902
-0.499461
2.360291
-0.4622645
0.8953765
0.1020472
1.537981
0.7422265
-0.6572753
1.371066
-0.4777471
0.8502306
-0.4107485
-0.7166761
0.6870861
1.363584
1.373634
0.09070713
-1.57032
-0.01418659
0.583054
0.1795287
2.456737
1.119984
-1.389245
0.7427977
-1.506699
1.733319
1.093644
1.306563
-1.760094
1.625959
0.8407672
-0.8128049
0.8814019
1.717072
-0.5900892
-1.705538
-0.6119549
-0.9299682
1.443227
-0.0940798
-0.5428437
-1.14145
-0.1173418
0.1138298
0.2068871
-1.200135
-1.164337
-0.7083099
1.345873
0.6339012
1.622571
-0.5278592
0.1888519
0.4142545
-0.8376479
-0.8706823
3.081526
-0.7551204
-0.6485067
-0.5147899
0.7000804
1.106678
-0.7350434
-2.390191
1.483767
0.6536581
0.08742308
-0.8196389
0.7208672
-2.958224
-0.3002966
-1.288024
-1.466451
-0.5568429
1.558913
0.8484427
-0.7802454
-0.2069732
-0.7833209
-0.2342958
-1.682157
-0.4411287
1.005324
0.5197123
0.1245208
-0.9571505
-0.7395056
-0.7531024
2.547907
-0.8551102
-1.173731
-0.333173
0.1013797
1.613655
0.2644323
-0.5668359
1.095368
-0.9841737
0.3187357
1.532634
-0.6339867
-2.093415
-1.408452
2.001255
1.573114
-0.09542473
-0.01610663
-0.6328416
-1.497334
0.2490335
0.2900306
-1.386989
2.115331
0.9062712
0.8503686
-0.09566586
1.71765
0.1733358
-0.6510531
0.9892264
-1.538234
-0.5923028
0.0661236
-1.618695
0.7091373
1.559381
-0.01554171
0.04186235
1.351511
1.465299
0.8001977
-1.190054
-0.4358616
-0.1115413
-1.082254
0.7015436
0.2714852
0.694981
-0.4533955
-1.474065
-0.9035097
2.664044
0.9273324
-1.673837
0.005421454
-0.9856551
0.281709
2.282255
-0.9957385
-2.01273
-0.5214584
-0.7041905
0.2548033
-0.013999
-0.69596
1.724499
-1.289543
-0.6353466
1.00141
-1.495564
-1.659133
1.515549
-0.6474303
-0.7190876
-1.507171
1.559522
0.9614637
1.576565
-1.471014
-0.3973261
1.310562
0.603638
-0.872054
-0.2534101
0.5633091
0.4126471
0.2224604
0.7142058
-0.5051374
1.092979
1.492149
2.358779
0.3276932
0.3985165
2.422164
-0.688379
1.162663
0.8629807
-0.1509419
-1.592253
0.7315264
1.59205
-0.001756615
0.2957825
1.757758
1.270126
0.1204254
0.07282509
2.538939
0.7610787
0.3928576
-0.8991022
1.948407
1.178011
-0.7753155
-0.7295543
-0.6945155
0.531167
-0.4556737
-1.141361
0.6931613
0.638866
1.568712
-0.6512861
0.2012733
1.545453
-2.519771
2.496074
0.3572567
0.2540691
-0.3515125
-0.8223915
1.452643
0.4500132
1.224393
0.8292991
0.6867643
0.04429085
2.482021
0.4941486
0.3136562
-0.8786539
-0.6839103
1.230152
0.8224566
0.4028341
0.7204702
-0.005320043
0.09726689
-1.783397
-0.9564725
-0.01072429
0.2356106
2.577253
-1.414136
0.5387553
0.3423699
-1.338056
0.8860135
-0.9536598
-0.8729705
-1.315785
1.789241
-1.418324
0.7545148
0.06312063
1.724951
0.2359015
1.220481
-0.3963406
-0.9452207
0.7405187
2.727998
1.589321
0.4677789
-0.7849777
-0.8968524
-0.5636006
1.393026
0.2668835
-0.02322048
2.474121
1.298576
-0.6283884
1.397793
-1.573293
0.9536231
1.294669
-0.5967202
-0.0398669
2.314075
-1.448296
2.63475
2.257379
0.1292823
0.1210865
-0.6421625
-1.464918
1.144679
0.9470453
-0.6033855
1.041341
0.4573086
-0.1418842
0.8573721
1.51678
1.774855
0.3346982
0.216606
-1.665642
-0.9386663
0.2514172
-1.167519
0.0947731
-0.5865105
0.1085189
-2.062274
1.806115
0.7612467
1.944527
0.4977673
2.552716
1.841776
-0.1719643
0.8185832
0.6519027
1.039541
-1.174088
0.05111215
-0.2414257
0.917201
-1.008896
-0.7710514
0.6233554
-1.55392
0.776415
-0.03739925
2.502521
1.129393
2.130816
-0.5829797
1.673126
-1.734975
0.1924794
1.501003
0.6062899
0.9787927
1.723881
0.1065799
2.61976
1.643935
0.7707262
0.2925262
1.289073
1.559726
1.022783
0.5341164
0.1185306
0.8682115
-1.087798
-1.51552
1.148787
-1.297634
-0.1554092
-2.013035
0.1231576
-0.6018975
-0.01366571
-0.9232241
0.9679771
-0.5492882
0.09158876
-1.533442
0.6404149
-0.619934
2.382053
1.500291
1.744909
-0.4929884
-0.6550497
0.1034024
-0.4761435
0.8101027
2.741366
-1.614399
-0.7917375
-1.402316
-0.7425434
-1.331986
1.896219
1.798679
1.720748
1.816784
1.738077
-0.5492393
0.3288653
1.148187
1.776589
-0.1472107
-2.087294
-0.3812539
2.387151
1.804196
0.8477678
1.12631
-0.9058404
1.227133
1.112148
-0.4984872
-1.175607
-1.239515
-1.864671
-0.0464212
0.5819907
2.578851
-1.487142
1.452812
-0.07780369
-0.6624569
-1.86171
0.2906786
-1.678466
0.7687529
0.1826947
-0.4721766
1.147889
-0.5716885
0.8939245
0.274608
1.054917
0.8711923
0.2010003
1.964991
-1.682602
1.435214
1.490508
-0.8123904
0.8800818
-0.37136
1.627691
1.841418
-2.237761
-1.655913
-1.82533
1.281866
1.641012
0.7362081
-1.432112
-0.4249652
-0.2445591
-1.59989
0.8195638
-1.245761
-0.5934342
-1.440133
0.1344805
0.4706001
0.7735806
2.554416
0.521469
-0.6487529
0.05056971
2.691098
-1.421718
1.477341
-0.01718534
-0.8145569
-0.464767
2.1879
1.572964
-0.6266472
0.152135
0.6976298
0.6486882
2.628572
-0.7864885
-0.6723385
0.460093
-0.8900397
0.3431354
1.489027
-0.964158
-0.09024424
0.8707025
2.530753
-1.821872
-0.4245622
0.7261976
-0.03333887
2.362309
-1.463371
-0.001034975
1.706093
0.2557047
0.2416822
0.05490071
0.9364076
2.129691
-0.1343671
1.60883
1.296832
0.8627567
1.677939
-0.9679625
0.8753762
0.109268
-1.363687
1.418011
-0.6321225
1.68419
-0.2695898
2.43687
0.3335123
-0.4837737
0.6840141
-0.8224734
-0.9254777
-2.367084
-0.8197023
-1.454112
1.375917
0.6568867
0.7046758
0.4985482
-0.442665
-2.124342
0.1041544
-1.239381
0.6950016
0.7432063
0.0848072
-0.05822492
-1.599759
-0.4265424
-1.240815
1.462419
0.3337449
-0.7595416
-1.29225
-1.034897
-0.6467463
-1.625086
-1.654011
1.039096
0.7365541
-0.192222
1.704132
1.182776
-0.6768769
-1.498701
0.06562421
-1.299196
-0.5535121
-1.000782
-0.7278472
-1.854808
-1.64785
0.2539606
0.72239
0.9718406
0.4409817
0.3622846
1.864358
-0.5597587
2.530742
-0.9386293
-0.7552671
-0.1610404
0.3663912
0.3605282
2.663177
-2.101259
1.031306
0.3191879
-0.6768581
1.785211
2.875433
1.106411
-0.8453799
-1.44067
1.084552
-0.8368655
1.049341
1.359448
0.919983
0.4186054
-1.139381
1.678367
-0.3781164
-1.264363
2.063426
0.8010374
1.768068
1.522357
-0.7882166
1.497533
-0.5829451
-0.5870995
1.532665
-0.2648659
1.01382
-0.8499448
0.2847436
-0.03189055
-0.8193751
0.1447026
0.7518864
0.106825
-0.6599455
-0.5515207
-0.7005771
1.834388
2.416082
0.1650725
1.214326
-0.4654218
0.9166104
1.139167
0.7010365
0.5680692
-0.6253414
-1.617696
1.76366
1.507287
0.2083551
1.545614
0.9756164
-0.0287501
1.747754
1.020164
-0.3174145
1.210727
1.539263
-0.6991675
-0.4816991
1.056717
1.504051
-0.4189728
-0.2257185
-0.8458773
-0.4775119
-0.0047869
-0.347101
-1.523167
0.9239868
0.8487608
0.09856218
-1.302572
-1.196524
0.486282
0.7056526
0.1823125
0.2144817
0.05236118
1.310375
-0.9442436
-0.1543017
0.1991843
2.41618
-1.166201
-2.133296
-0.9261041
0.9818184
0.9772536
0.7296018
-0.01549068
0.6690764
1.730809
-0.6205819
0.02449732
1.510216
-1.231277
0.5703275
0.6680738
-1.343927
-0.5595623
-0.4356518
0.4589806
0.3452507
0.1079999
2.968976
-0.0753819
0.8533038
-0.6984182
0.5809343
-0.5188594
-1.657804
1.773615
1.886798
0.09395031
1.509912
0.6341334
2.531976
0.01459606
0.1717532
1.556753
-0.8138957
-0.6892314
-0.05329191
1.920255
1.052706
-0.3183043
-1.03053
0.1157253
0.8729229
-0.6428912
0.1237878
0.001075187
-1.805849
2.395006
0.965274
-0.5066269
1.647331
-0.2429329
-1.616098
1.491848
0.2538685
1.85148
-1.396481
1.378267
1.087198
0.4292909
0.5851798
0.6671071
-0.9813329
-1.02075
-1.602891
-1.711398
0.3463861
0.5142707
0.212323
-0.6583247
1.033506
1.778687
-1.423538
0.1387352
0.1206932
1.650162
-1.74366
1.341727
0.5377585
-0.699007
-0.2238689
1.32785
-0.6599006
2.370216
1.352133
2.603166
0.01987816
-1.327482
1.35797
1.188929
-0.1930706
-0.6979468
-0.567054
-0.9226304
-1.536332
-0.2576966
1.06097
-0.5389077
-0.9124975
0.9932528
1.990566
0.3029026
0.9997604
0.585593
0.8389606
2.430274
0.9233469
1.48387
1.457981
0.8435019
1.026194
-0.1348348
-0.5072921
1.401933
-1.787762
0.7833144
-0.3362783
-0.4293345
-1.181112
0.3076495
2.618303
-1.689217
1.590536
0.3165692
0.9365262
-0.9278907
1.526352
-1.458093
0.3343794
1.426534
-0.2352206
-1.249276
-0.2231888
1.397334
-1.838837
0.8137703
1.072472
1.817869
0.2908564
-0.3214492
-1.088361
-1.567872
0.8622405
1.355908
1.199254
-0.6765972
-0.6883932
1.868762
1.595735
1.343366
-1.466633
1.561107
1.158049
-0.6080091
2.151693
1.759808
0.09172429
0.135125
-1.274437
0.01721173
-0.7359771
-0.08397443
-1.802955
-1.438081
-0.7195878
2.497859
-1.426428
0.2856586
1.461488
-1.415517
0.2103967
0.8473601
0.2624809
-1.493866
0.2975148
-0.5630683
-2.661402
2.69367
0.3182366
-1.258415
0.4116333
-0.123482
0.3080061
2.73608
0.7883921
1.476143
-1.468005
0.2291265
-0.369127
-2.729636
1.428674
-0.4745566
-0.4554285
-0.8736621
-0.2476287
0.1533698
-0.177076
-0.05574684
-0.9628198
0.01576759
-1.922674
0.6323986
-0.9338709
-0.0008584645
-0.6803829
-1.029988
-0.4874792
-0.2042957
-1.196868
2.442638
-0.112352
2.405388
0.8543655
0.7450618
-1.521944
-0.920028
-0.8180088
1.55487
1.51538
-1.113839
1.160894
1.799305
2.477784
-1.007261
1.478219
1.522634
1.838631
0.2610229
-0.8583038
1.796021
1.264219
0.05823192
0.4960811
0.8067385
0.1189283
1.267918
0.2935584
-1.384744
-1.290098
1.423724
-0.5145083
1.857286
-1.485669
1.002882
0.9768639
0.2768416
-0.3276936
-0.6996866
1.051467
1.378944
0.09897856
1.301072
-1.409089
-1.470739
1.539915
1.414794
-0.06537648
-1.429524
0.9162181
0.255843
0.9312324
3.594056
2.399699
0.7498075
0.6875537
1.952493
0.8103282
0.9444947
1.667694
-1.589233
1.516464
-0.899039
0.8572975
0.8567254
-0.00930875
-0.6010898
-0.7742259
1.58399
-0.7398007
0.206294
0.3840649
1.786679
0.8422947
0.6092564
-0.3746666
1.215725
-0.02419809
-0.6422421
-0.6972786
1.076145
1.67521
-0.7313668
0.9091173
1.194709
1.522933
-0.8036124
0.6388325
-0.05474758
2.424758
0.7793763
-1.216656
-0.2088903
-1.403424
0.4057347
-0.8774978
1.419088
-1.542007
-0.7940288
2.639296
0.3503705
-1.281687
1.663286
0.03190415
-0.52553
0.2819541
0.8496373
1.833175
0.2288795
-0.1315156
-0.7833964
1.152602
1.721402
-2.114929
1.838045
1.598066
0.3973513
0.3868428
-0.1567633
0.9999455
-0.3356731
-0.4599948
0.9167041
-0.9919154
-0.6506196
-0.6373927
2.629077
1.024671
0.09634572
-0.8850832
1.662122
1.422934
0.1867829
-0.7327056
-0.3649373
-0.5527343
2.447915
-0.5455897
0.3086468
1.88025
-0.5987898
-2.074959
2.602063
0.2577655
1.349851
-0.7784839
0.002927207
-1.142829
1.34802
0.9335297
0.875415
0.1541428
0.6315842
-1.647963
-1.229675
0.7841133
1.718561
-1.160657
-0.8275498
2.380932
0.2291495
0.7885769
2.476421
1.757839
-2.555837
-1.220416
1.6382
1.348127
1.039188
-0.4921369
-0.3502847
0.2650647
-0.9905465
-0.4350106
-0.7434878
1.431874
0.6586644
1.53698
-0.2045699
1.029448
-1.429492
-1.347971
-0.9101563
-1.480159
0.8936949
-0.4849481
-0.5449974
-1.049762
1.681166
-0.7386872
-0.41658
0.2006085
2.542597
0.1357518
1.452188
0.7387761
-0.6120769
2.536318
-0.3933786
0.1301539
0.8182352
-0.6194432
-0.2581362
1.147747
1.432889
0.9013275
1.771736
0.4277958
0.3911435
1.819775
-0.77048
2.506607
-0.5016455
2.389894
1.428115
-1.042137
1.870759
0.9540363
2.425829
-1.612918
0.6927878
1.264225
-0.4923068
-0.7640878
1.382572
1.994129
-0.1145878
0.2663431
-1.025552
0.3421698
0.8489455
-0.5148362
-1.217165
-1.384282
-0.7878925
0.09117525
2.452896
0.221559
1.116632
0.9697322
-0.6960191
-1.181282
-1.078972
-0.3712735
1.423497
-0.5678217
0.004136436
-0.3617152
-0.5949911
1.04445
1.6375
-0.66806
1.405319
0.1636794
0.1963248
-0.9541536
0.5813918
2.504416
-0.1827735
-0.04159268
-0.1194138
-1.561659
0.7069421
0.9213049
-1.311687
-1.564144
1.594669
-0.5940665
1.384802
-0.7903551
-1.584487
-0.01374766
-2.883157
-0.4179457
1.464755
0.8226073
-1.442978
0.8196467
1.052196
-0.9552572
1.093819
-0.2157363
1.05313
-0.5392768
2.349758
1.509413
-0.5970322
-1.48144
1.475846
1.013246
-1.497788
1.478537
0.5819198
-0.5477472
-0.0464089
0.9088265
3.100162
-2.371019
-0.638477
-0.09583057
-0.7949854
0.4714104
2.554641
0.3192543
-3.403144
1.262314
-0.5782946
-0.422409
-0.969706
0.1831397
-1.48666
-1.214567
1.48539
-0.5558334
0.4260054
-0.459183
0.3414814
1.536793
0.1510053
0.7683136
1.842443
2.640367
-1.968595
0.9784852
-0.1507842
-0.7534694
2.454536
-1.297773
0.721756
-0.2813887
-0.6921994
-1.150068
0.3116371
-0.3449434
-0.8384835
0.4321347
-0.5032428
-0.8004697
1.687609
0.7658997
0.03418284
-0.07523138
-1.500309
0.7865502
-0.0448446
-1.424732
1.552413
-1.48509
-0.02730803
2.449152
0.6020287
-0.5169708
0.8754334
1.617967
0.3754332
0.2102303
-1.39599
-0.2557021
-0.04858564
0.4288284
0.9198052
2.353477
2.410647
0.04291642
2.396475
-1.470883
-0.8685718
-0.0128655
-1.370042
1.786857
-0.6977488
0.9672675
0.002068424
-0.4191623
1.757217
1.836721
1.505244
0.9203381
-1.461124
0.9995785
-0.02880859
0.3788455
0.3267975
0.7254087
-0.2328828
0.2238334
0.3969443
0.1483587
-0.4709532
-0.6694577
1.354898
0.7594415
1.53161
-0.4114071
-0.07155585
-0.7731833
-0.7821908
0.4553867
1.422576
0.7123018
0.3346579
1.054998
1.072235
-0.7713895
0.06322591
-0.3925742
-1.141395
-0.3899628
0.964878
0.1213403
-0.9160832
-0.2144362
-1.150079
1.543638
2.493322
0.8834122
-0.9910958
-0.4135158
-0.2743874
-1.760176
1.784049
1.133912
0.8258963
0.4379069
1.024984
-1.055252
0.8139083
2.217219
1.420625
-0.949376
1.065117
0.1223618
-0.4310247
2.478847
-1.073515
-1.48792
0.6968059
0.2999244
1.114614
-0.7426859
0.851917
-0.4885866
2.161654
0.6729823
1.529255
0.607675
-1.395344
-0.7026382
1.453825
1.189984
-0.8022545
-0.7013827
1.433223
-0.8495935
-0.09281723
0.3024544
-1.73242
-1.612165
0.2069862
-0.5110464
0.7461366
-0.2632095
-0.9721092
-0.6717063
-0.8748655
-1.719015
2.459235
-0.7441609
0.9290386
-1.838217
2.638959
0.1341162
1.523743
-0.03907974
-0.1437473
-0.8238182
-0.9719189
-0.08940543
1.397752
2.607043
0.5280341
-0.3219734
-1.530978
0.4961965
0.2539915
0.0329349
0.292128
-1.401495
-1.240952
1.546079
-1.545791
1.762194
0.4428243
2.463989
0.6897681
0.3387793
0.01972904
0.9494447
0.06699079
0.01476588
-0.1608516
-1.575325
0.6980065
-0.1474287
1.708675
-0.1703597
0.5660126
-0.4374398
-1.103672
1.654556
0.7125802
0.9556953
2.45613
-0.7235141
1.25821
-0.4797701
1.228499
0.1018311
2.315252
1.337082
1.76368
1.353062
1.490342
-2.334235
-0.5271222
0.8474644
0.8312782
0.732356
2.621588
1.870514
-0.6466604
-0.6424133
1.492492
2.454612
0.3958132
-0.1557039
-1.30287
0.2993911
1.860482
-0.2399998
0.0004527849
-2.21539
2.538434
1.002016
-1.079583
-0.7615104
1.21222
-0.03843023
1.398138
0.2392173
1.777919
-0.31509
-0.5756523
-1.320358
0.05217568
1.617528
0.08804256
0.1852706
-0.1644599
2.412047
0.8637975
-0.3708568
0.3621848
0.6112671
0.1886621
-0.2748634
-0.06241504
-0.9778625
2.497634
0.841592
0.1102249
1.179682
0.3229342
-0.568796
0.2381364
0.3271033
2.197811
0.2818929
1.014925
-0.6012937
-2.430852
-0.618652
0.8289332
2.105957
2.373161
-0.7712074
-0.509381
0.5012653
-0.3595546
0.6609567
2.658776
1.804715
1.756901
1.066231
-0.05556317
0.5948462
-0.6571956
-0.4612186
0.03172459
-0.4660755
0.1403608
1.113057
-1.461765
-1.48936
2.481587
-0.4895554
2.621422
-1.267307
2.172824
-0.7276147
-2.139907
-0.7235131
-1.504058
0.5805013
0.2353404
0.1432557
1.2949
0.6827455
0.06426131
0.8402364
1.032167
0.2685803
0.6289462
0.8043379
1.371106
-1.590796
2.61551
0.09306897
0.4091483
-1.434411
-0.5222617
-0.5080654
-0.800499
-0.6281171
1.421511
1.162468
0.8706161
2.351444
1.81295
-0.429403
-1.558477
-1.380597
-1.530864
-0.8569388
-0.8228227
0.09687343
0.9548738
-1.035443
-0.6051456
-0.0788899
-0.6698789
-0.555964
-1.944946
-0.6338993
2.475788
0.3661062
-1.368428
-0.4426702
0.2034744
-0.01689961
0.7599519
0.1687738
1.793995
0.3192201
1.439216
1.458833
-1.565638
0.2800688
0.8972454
0.09196495
-0.8949043
0.04877526
0.95499
0.2003698
-0.4258574
-2.042277
-0.9504095
-0.5208113
0.3680738
1.737891
1.596444
-0.04316389
0.9877948
1.126954
0.1960659
0.7948769
2.245096
0.5322489
1.267347
-0.961944
0.964731
0.7927269
0.6526949
-1.358517
0.4812885
-1.193569
1.626963
-0.5944378
-0.4464523
1.371137
-1.228765
0.317233
0.518658
-0.1148312
0.7755763
-1.712214
-0.5184788
-1.451598
1.640473
-0.4245983
0.3136965
0.2290714
0.7693687
1.344449
0.5689371
-1.84431
-0.4191495
0.2300648
0.08259609
-0.1441633
-0.7660445
2.459964
-0.4218698
0.6768153
-0.5548205
1.070129
-0.8337382
0.1184587
0.3213149
0.2051345
2.422905
0.4852872
-1.872839
-0.1202158
0.7901496
-0.8499997
0.07667471
0.8842374
1.905376
0.2315993
1.910425
0.4448122
1.681803
0.6630335
-0.01892659
-1.377229
-0.7636127
-0.03743192
0.8896518
-1.80474
-0.8234136
1.592819
2.668188
-0.8656993
1.051696
-0.9110104
-0.01828905
0.3002363
1.800584
1.659038
0.1687716
-1.507085
-3.333867
1.785019
1.094668
2.492458
1.284412
-0.7472422
-0.1241798
0.1753625
0.2200962
-0.7340509
0.7961445
-0.7540697
0.802908
1.290427
0.124312
1.650912
-0.6644496
-0.9268893
-0.7528172
1.041357
2.637126
0.7633571
-1.032024
-0.9152602
-1.365073
0.515341
0.9517623
0.7599476
-1.726494
-1.191853
0.3685546
0.8978773
0.7733774
-0.217812
-0.5419454
2.480557
-1.420705
1.695392
-0.450077
1.718859
-0.2082329
-0.4141187
1.597688
1.639764
-1.139166
-0.5012845
1.616778
-0.8937963
-0.8500456
0.2566249
-0.3011167
0.3867531
-0.334324
1.88203
0.8584734
-0.2230875
-0.7073418
-0.1401358
-0.2657704
-1.436641
0.7843152
0.6664447
0.1528091
-1.216566
-0.8714948
1.748506
0.9022475
-1.923099
1.492107
-1.149515
1.465295
0.3108485
0.2392558
0.2939645
0.3402023
0.3719856
-1.121853
0.8602189
-0.6848127
2.590814
1.721775
-0.2229617
-1.371548
0.2967949
1.559881
0.2852821
2.57705
1.785631
0.2838405
0.8248468
0.7366946
-0.7028225
0.2086733
-0.4743992
1.701599
1.788625
-1.538589
1.816858
-0.6931852
-2.293106
-0.8073728
-0.1671312
0.09594196
0.6505474
0.2746949
0.1329831
-1.249473
1.659409
0.03481233
1.841536
1.405302
-0.7123936
-0.3141007
1.059213
-1.487006
0.1275018
0.261946
1.179178
0.2844155
1.109811
-0.6803491
-0.7755955
-0.3636103
0.1835486
1.072345
2.289401
0.224156
-0.7949789
1.951321
2.621569
1.375615
-0.1742278
0.2048132
1.697873
2.431314
-0.540864
0.8021881
1.465389
-1.605648
0.6722256
-0.1013038
0.01148406
2.022256
0.1404792
1.444356
2.338743
-0.3782166
-0.05341846
0.2797582
0.3698406
-1.677648
-0.09927364
0.247638
0.7334818
2.164567
2.406152
-1.469711
-0.6297195
2.485616
-0.3920979
0.06585484
0.8130522
1.876591
1.48642
-0.09671221
-0.002437807
-0.5710302
0.8872738
-1.340695
-0.174369
0.1261289
1.431937
-1.208077
-0.1276843
2.362497
1.134683
-0.5914622
-1.724202
1.779785
-0.4214869
0.8098211
-0.1274717
-0.7679881
-1.043231
0.3289538
0.1562063
-0.4346482
0.1268374
2.433218
-0.7799613
-1.596106
1.582825
0.06136548
1.056281
-0.4855936
-1.587598
-0.8148233
0.2228482
0.07954427
0.1232008
-0.7785668
0.5972338
-0.5716016
1.290133
-0.669894
0.3928625
0.1844966
-0.3864711
0.2530514
0.2428414
1.921737
0.7868907
0.05820735
1.098341
-0.6896014
1.268952
0.6070876
-0.007258964
0.8133955
0.834818
-0.910618
-1.41065
-0.5553103
0.7634032
-0.5191859
0.7468574
2.543934
-1.159222
0.03495051
0.9460408
1.676019
1.481222
-2.330896
0.43951
-1.588504
0.789408
0.9729531
-0.1956386
0.1013132
0.9852875
-0.9708419
-0.7310683
-0.1490021
0.2308378
0.3795667
-1.8702
1.214016
-0.6550274
0.01781609
2.26953
1.672175
-0.1996991
-2.100889
-1.085562
0.8948719
1.269958
-0.8088237
-0.2044595
-1.734024
0.7894196
-0.5744808
-0.1843836
0.1900851
-0.5890174
0.7420075
1.14653
-0.03453141
-0.5405439
1.113674
-1.142022
-0.6563569
2.446846
-1.299889
-0.2653812
0.3036832
1.649216
1.618018
0.3219406
0.9759633
-1.485011
0.215344
-1.48395
0.5987676
0.7909949
2.407344
-0.3984352
-0.926734
2.565979
-1.108471
0.9365413
0.542991
1.481653
0.8026568
-0.8951122
0.9667906
-0.7338899
1.542989
0.3028703
0.9630354
-0.7569535
2.552573
-0.01078618
0.4841999
0.8441851
1.431757
-0.925571
-1.310034
-2.119598
1.006082
-0.7909109
0.9257194
0.4185393
0.3016842
1.345461
-0.578582
1.373194
-1.360744
0.1100348
2.587513
0.3640601
-1.492173
0.996179
2.433346
1.798631
-0.4448707
1.629757
0.3296119
0.6986963
0.2318163
-0.3084682
-0.01505702
-1.616887
1.706963
2.531071
0.8774239
-0.4749839
1.455749
1.315695
2.467891
-0.08757998
0.6119175
-0.9372154
-0.7633416
0.6679462
-0.7355601
-0.4057874
-0.4113934
1.005371
1.770277
0.050687
0.06694713
-0.4720678
1.628278
1.445734
0.9348012
1.928171
-0.6769228
0.9260775
0.522604
3.31143
-0.5286039
1.428868
-0.6848909
1.828018
2.516969
-0.3274713
1.426004
-0.642435
-0.823638
0.4648449
-0.7821914
0.4919445
1.640625
-0.8572889
1.340237
0.06432863
-1.359184
-0.5649359
0.1070587
-0.5024013
-0.4128846
-0.4194544
-0.1413067
-0.8702486
0.504717
0.1021689
0.4990935
0.9139688
0.2304252
-0.2930322
0.6337283
-1.415558
1.510848
-0.5098482
-0.7340818
-0.7943148
0.4862545
-1.465523
1.717448
0.2556893
-0.4942358
-2.194487
-0.7339745
-0.3766773
-0.4766612
-0.7980722
-0.9920599
1.80901
-0.4729342
-1.40703
1.253092
1.288772
-1.649375
-0.3427018
0.2098156
-1.147337
-0.04195557
2.512722
0.3275619
0.9678236
-1.192716
1.000045
1.822278
-0.992117
0.8293525
1.459771
2.550054
0.2371219
1.030252
0.1679729
-0.4883823
-0.05890147
1.460211
0.9009413
2.581973
1.822296
-0.5364182
-0.2744841
-1.657832
-0.8219732
0.3810881
0.8911159
0.3106268
0.8677031
-1.22322
-0.563753
0.6589756
1.66275
-1.126496
0.5531638
0.5518227
1.491747
0.9231313
1.222555
-0.5865091
2.536503
1.80014
0.9524483
0.5861852
2.325399
2.531083
-0.9381151
-0.1437586
0.5523286
0.5847495
-2.300724
-0.9396888
-0.76209
0.6685178
1.837381
0.293621
-1.318365
-0.04669316
2.586902
1.663409
-0.06256704
1.54327
-1.373286
1.947993
1.749236
0.3169199
-0.6329196
-0.4484386
0.9073274
0.1184746
-0.9877305
1.47833
-1.221745
-1.847611
1.773888
-0.06962042
2.322828
2.472769
-1.284381
0.3085905
0.779531
-0.6646674
0.5357372
0.1486845
-0.6285855
1.189777
-0.6660666
0.4854776
1.727817
-1.35535
-1.598853
0.13994
-1.136463
-0.5057675
0.5945239
1.76891
1.34356
0.06756985
1.337823
-1.292757
2.333532
1.674774
-0.5378339
-0.2618615
-0.235034
-0.6178387
-0.5608888
0.8269724
-1.053535
0.07315666
0.4597148
0.8591839
-0.02883048
-0.346773
0.8146598
0.8031303
-0.4762706
1.569612
0.6948414
-1.066595
-1.323034
2.631627
-0.7944137
2.6022
1.066353
-2.343396
-0.3878974
1.557886
0.2498065
-0.2909867
-0.6390415
1.581187
0.2004201
1.317752
-1.120847
-0.1230759
0.1593446
0.6301465
-0.4659581
0.07395938
1.341751
0.1281096
2.375045
-0.5359781
-1.434596
-1.551127
-1.16924
-0.8909386
-0.3386983
-1.309261
1.123435
0.1712142
-2.288697
0.138344
0.2798788
-1.571491
-0.6667448
2.04198
1.40388
1.478258
-1.13523
0.7188856
-0.52038
-0.6865963
0.3921461
1.194612
0.7573146
-0.08645959
0.3228066
-2.168052
2.216402
0.9076523
0.8980072
-0.6942383
0.6693114
1.523914
0.9159926
0.5630242
-0.05169596
-0.6859951
0.8966898
-0.7630767
-1.470913
-0.329512
0.2497884
-2.54511
1.400865
-1.691999
-0.6518042
1.64353
1.851776
1.099176
0.7129555
0.3144881
0.6256629
2.108331
-0.08632648
1.014297
-0.350474
-0.4129725
1.15303
1.446883
1.495409
-1.386347
-0.64787
0.9214997
1.857252
0.3189192
0.2592024
-1.443965
-2.815375
-0.2207445
2.420074
0.3870955
0.1873626
-0.8216215
-0.01715103
1.396425
0.4886021
-2.097115
-0.03830816
0.8683879
0.8099556
0.8915523
-0.6287888
0.5904247
-0.2896394
2.717628
0.1697071
-0.563266
-0.1849607
-0.05044769
-0.8773201
1.620763
1.578623
-1.517796
1.772395
-0.6314431
-0.8932663
1.762982
0.3014475
-0.9033466
1.802749
-1.568519
-0.5372629
0.2028825
-1.177459
1.320083
0.1641608
-0.8512175
-1.161411
0.1554571
2.470346
0.952497
0.09049449
2.54887
1.824504
-0.6531371
1.604628
-0.03820694
-0.1162649
-1.772735
-1.306756
-0.6339352
0.3231579
-0.796164
0.03547367
-1.077932
-0.3760189
-0.2607222
0.4824761
0.07129112
-0.8990588
0.7822596
-1.715477
2.476159
-1.505199
0.3382003
-1.512967
1.626695
-1.138448
1.668066
0.8390492
1.767464
0.03176008
1.709417
-1.640865
2.907936
1.622141
-0.3680761
1.505636
-0.5289032
-0.6680219
-0.6929631
-1.121269
0.8813868
1.386058
-1.476134
-0.8565783
-0.7852886
0.06770077
-1.65407
-0.5296609
0.9486686
2.507463
0.9743404
-0.9029495
-0.7674418
0.6548329
1.674645
0.7329924
-0.437522
0.9909798
1.541353
-0.6652946
1.802547
1.131864
-0.5434658
0.2925569
2.586666
-1.796094
-0.4016878
2.60328
-0.9260768
-1.505785
1.798481
-0.6680849
0.7715078
-1.514952
1.449656
1.122778
-0.9265807
1.029917
-0.513304
0.5486446
0.7900035
-0.7780342
-2.709605
1.26016
2.83176
0.850277
-1.422292
1.780625
-0.8779262
1.518324
0.7879596
-0.003293994
-0.1306389
2.626238
0.6323067
0.9635744
1.34848
0.2373423
-2.147558
-0.6589856
-1.531297
-0.7688565
-0.7411435
1.03032
-0.6329439
0.4594898
-0.14454
-1.633998
0.2617872
2.457026
-1.352148
-1.521021
2.509997
-0.6657915
1.91254
-0.3144864
0.2504387
1.025202
1.137088
-1.546594
-0.6980513
-0.484033
1.716531
-0.09491876
0.9342253
-0.5394385
0.9362016
1.824406
1.860103
1.439343
-0.4328114
-1.615225
0.2940961
-0.7721854
0.9817571
0.1927413
0.2126508
-0.6610983
-1.439949
0.8358314
-0.03067819
-1.435927
0.7794609
2.517415
0.5553636
-0.6456861
-0.3185082
1.441752
1.178018
-0.3340589
-1.534651
0.6908357
0.2858862
0.6648216
0.7533651
1.382326
0.9966219
0.1502686
1.603163
-0.1219384
-0.0904595
-0.83859
1.863777
-1.788656
1.005315
0.06334911
-0.4772052
0.03682447
-0.430345
0.9900077
1.026002
2.588078
0.4201453
-0.3940619
0.7409265
1.064956
0.8079324
-0.9229409
0.4167647
1.959656
-0.87792
-0.6128487
-0.7636215
-2.105689
-0.7653618
0.1698323
-0.1142932
0.7088904
-0.3318318
2.524891
0.8082057
0.08073644
0.2751661
0.9828326
-0.8510695
0.1873284
-0.7406592
-0.5686919
0.07194011
-1.448293
0.4867683
2.065953
0.6496764
2.404348
-1.701168
1.032036
0.5965703
2.571237
0.7371449
-1.570605
-0.019545
2.57627
0.6642422
-1.601583
0.286698
0.7403868
0.5726932
1.431915
-1.47577
-0.9107827
0.5269955
-0.9650699
0.207946
0.5501581
0.4761254
-0.4408924
0.06458071
0.3465772
-0.00760672
0.5627698
0.2964743
-0.01575514
-1.245539
1.116521
0.3366528
1.114225
1.959571
0.9356457
0.4252003
0.5188476
0.6235083
-0.7349533
-0.569484
-0.6516457
-0.4813435
-0.1728395
-0.1062572
-0.9000376
-0.3104282
-0.2954054
-0.09707662
2.525514
-0.2339064
0.7435917
0.3217236
0.1736474
-2.693137
2.293891
0.7166299
-0.4997911
-1.414966
0.01839326
0.2684504
2.374475
1.499664
-1.532203
0.6406385
0.7192316
0.1360482
1.721647
-1.318271
1.456465
0.7505117
-0.6819597
0.3928506
-0.9620266
-0.7503774
0.1266027
0.5867935
0.3232037
-0.7089166
-0.6745635
2.912148
0.1475091
1.61594
1.796787
1.079705
-0.6563465
-1.211335
-1.232507
-0.9788355
1.765626
1.092322
2.530354
1.666178
2.496657
-0.4530606
-0.06069292
-0.1202248
0.7439291
1.578596
-2.333989
-0.2948277
-2.033041
-0.7972257
-0.4129254
1.190227
0.8458471
1.845088
1.149139
1.664563
-0.6333872
1.012002
-1.357935
-1.844967
-0.5720673
0.2138612
2.529918
-0.2896138
-0.8554828
-0.7240235
-0.5128481
-0.8516715
0.205374
0.01854817
0.2774154
-0.7141687
-1.341192
-0.09822166
1.13215
0.3441092
-0.2435533
-0.5144314
2.090882
1.102577
0.280383
-0.7378722
-0.8753227
1.082157
1.248548
1.362867
1.62026
-0.4999323
2.547972
0.3325046
-1.501454
1.628263
-0.7026201
-0.7919693
-0.7248922
0.8812968
-0.1626508
-0.9256267
0.3594029
1.85063
2.336398
-1.766911
0.2687737
-1.052146
-0.737692
0.3120006
0.4812073
-0.0663923
0.8774045
-0.4866489
1.449271
-0.672421
2.399484
1.790434
-1.291997
0.4669082
0.6641304
0.9951039
2.589871
1.562842
-0.7201919
0.17541
0.9864995
0.9989613
0.2388831
-0.1619069
-0.5274834
1.603401
-1.316404
1.708013
0.2727256
-0.504393
0.09857081
0.3410211
-0.5855541
1.029237
0.784573
0.9832287
1.314924
-0.8256739
-1.013252
-0.1765853
0.4515527
1.35516
-0.02862806
0.1424939
-0.9289767
-0.04853877
-0.8500614
-1.707218
0.3466625
1.54111
0.7726837
-1.458512
0.09457832
0.02909587
0.6371819
1.707295
2.603516
-0.1478818
2.434326
1.160137
0.7624825
0.8378108
1.18644
0.8014427
0.1568436
-0.0970794
-0.0611133
-1.530842
1.626514
0.02126108
2.491529
-0.7489153
0.1414185
-1.274227
-0.2279653
0.8068111
-0.3065311
-0.1746577
1.801033
-0.4161147
0.3467393
0.339808
-0.3197565
1.6934
2.566343
0.9822104
-1.266331
0.869459
1.616022
-0.08865962
-1.455633
-0.3521667
-0.3702229
0.8385261
0.5843809
1.006079
0.3165429
0.08445448
-1.489775
0.8491664
0.2555806
-1.593329
0.7167982
1.529175
0.5814746
-2.785903
-0.3548847
-1.487886
1.538367
1.638107
1.259211
-1.692188
0.9368993
0.3919108
0.3506249
0.3447892
0.2287949
-0.1014702
1.716685
-1.982924
-0.4769434
0.8614956
-2.759686
2.718218
0.6192836
-0.260084
-0.9915636
1.866415
-0.8672894
-1.346469
0.3472041
1.183082
0.1196335
-0.2901643
0.8415871
0.2908414
-3.155276
-0.9420235
-0.735879
-1.3366
-0.0141629
2.414567
-0.3146948
0.2893688
1.625787
-0.301496
-0.809203
-1.412802
-0.1602849
1.093332
1.641584
2.514427
-0.7976756
-1.525333
0.9557345
0.09247165
-1.562819
1.732915
-1.667584
1.549046
-0.5689329
1.063797
-0.0212613
-1.75109
-0.4998555
0.1820249
0.6423042
1.39057
0.3163802
1.769974
1.363483
2.502034
1.048117
1.485174
0.9257401
0.9218217
-0.2599741
0.8028554
2.414996
0.1195518
-0.6048931
0.003880249
1.430919
0.2421303
1.607954
0.8348267
-0.3736375
0.8688295
1.16142
0.7966568
-0.9365845
-0.9508027
0.3114508
0.8635744
-0.8707799
1.575621
0.445474
1.761131
-0.5452133
-0.5164455
-0.1793634
-0.5330629
-0.1352658
-0.6292501
1.947702
0.03587565
1.871486
-0.8952759
0.7402773
0.02766565
1.353413
-1.39118
-0.5498791
2.581733
1.606013
2.562949
1.04261
-0.1452081
2.55548
-0.4157272
1.431222
0.8787806
-1.43021
1.773042
-0.5380498
-0.7495495
-1.859567
2.0907
2.630466
0.9792189
0.3782543
0.3821044
-1.396007
2.429893
-0.6414988
1.311582
0.8148358
0.0638129
-1.057647
0.1062782
-0.8608181
0.86382
-0.01246661
-0.4971822
1.469542
-0.3284047
-1.526138
-1.450175
0.9139826
-1.385916
-1.00421
1.600836
-0.1122573
0.8626214
0.07811817
0.4161928
-0.9975089
-0.05813941
0.1941987
0.04644241
1.711048
0.2410066
1.333313
1.715563
1.708689
-1.564618
-0.009890451
1.49148
0.9663891
1.816594
-0.2997871
0.5913797
0.9844646
0.1204977
1.493433
-1.522808
-0.9050147
-0.3569677
-0.7724716
0.9726231
-0.5093675
-0.4909341
2.468276
0.1610103
1.616928
2.581446
0.9673905
0.1306886
-1.738619
0.3156811
1.116234
-1.309264
1.808722
-1.246622
2.717598
-0.4351799
0.6925655
0.9211108
0.7787678
0.1810422
0.5779222
-0.1693282
0.881475
-0.03265565
1.219598
-0.8540193
1.64257
2.498692
0.06790032
-1.084707
-1.662438
0.4186006
-0.2888546
-0.08815608
-0.8085228
1.730831
0.1975138
0.1586411
0.8145094
1.38821
-0.3308107
0.3434005
-0.576987
0.212951
1.269178
1.792976
1.601104
-0.02990755
0.861567
1.510295
-0.6507762
-1.494838
-0.01619439
-1.098175
0.3129352
-0.6142443
-0.6230202
0.2509556
-1.464422
-0.6422283
0.5218352
-0.2996902
-0.5497515
1.623968
0.855383
-0.4802602
2.030229
-0.4159283
0.352955
1.105155
1.029541
0.6577879
-0.9728656
2.11232
0.7788314
2.535968
0.6019778
1.357721
-0.3445919
1.082186
-1.482321
-0.008672429
1.280506
-0.3501932
0.03296243
0.693446
0.004363843
-0.7187384
2.343518
1.777398
0.01015946
0.7280705
-2.483595
1.429758
1.844426
-0.7454818
-0.7948823
-0.4465172
1.622688
2.402631
-0.8165366
-0.4409681
1.085214
-1.546492
-0.4009915
2.578682
-0.5650499
2.121785
-0.4083055
-1.91393
-1.521101
-1.925249
0.4928212
-0.6306832
0.003511785
1.335362
1.67616
1.810646
-0.5206967
2.450448
-0.1528341
-0.6975282
-0.4119583
-0.7550892
-0.7159276
0.5197357
-0.3657243
2.664216
0.5069853
0.7695136
2.67428
0.5752369
-0.5775607
1.221065
0.6760204
2.315027
0.2594714
0.5800499
0.3332182
0.6691972
-0.3796353
-0.9323924
1.691474
-1.483853
0.299072
0.7698249
2.556174
-0.9156908
-1.399697
1.71221
-0.4903054
-0.1132707
0.2243261
-0.5687589
-1.483312
1.127769
-1.546286
1.319621
2.516432
1.309157
0.9858491
-1.486936
0.1799898
1.38997
0.6809632
-1.241013
2.540595
2.56848
0.1458966
-0.02483897
0.4441538
1.039137
-0.8761069
-1.40161
-0.459687
-1.365181
-0.2303234
2.464113
-0.007864798
1.641485
0.8951431
-0.8304154
-0.7792832
-0.3988286
0.1068831
1.899245
1.014574
-0.43169
1.488245
-1.005339
-1.513298
-0.2238151
-0.4727244
0.08961144
-1.158745
-1.43898
2.515734
0.7536746
0.9502459
0.1827827
-0.5188788
0.2401376
-0.05289715
-0.7465157
-0.6969832
0.7730498
0.8706828
-1.420069
1.7207
-0.9194444
0.05914334
1.845083
1.383078
0.8900343
0.8640404
-0.3519963
-0.1571859
2.550525
0.9261339
1.979421
-1.018162
-0.09426924
0.6622349
0.7866429
0.9237629
0.5875757
2.324843
-1.450898
2.643251
-0.6597001
1.170814
1.699058
-0.5381374
-1.185112
0.5964182
1.62586
0.282223
-0.06055084
-1.245793
0.8758667
2.540572
1.078428
0.1772838
2.37914
2.353616
0.6593464
0.6196025
1.391856
0.09474842
-0.9325249
-0.6092405
-0.0612443
2.460265
1.037363
-1.589709
1.53121
-1.437198
0.2280384
-0.3965944
-0.4032121
1.535559
-0.5158764
-0.4908543
-0.5588864
1.782292
0.9019495
-1.109141
-2.54467
-2.082593
-0.7127933
0.3125749
-1.67139
0.1747171
0.7573995
-1.592195
0.8273209
-1.233819
0.04605389
-0.8799648
2.871928
0.01539948
-0.07010515
2.604556
1.447258
-0.07277564
1.144078
-1.036184
0.8975931
-0.9139106
0.9273278
-0.7054079
-0.6360507
0.09485831
-1.362981
0.6879583
1.730975
-0.2548491
1.370742
0.1016972
1.484652
1.471058
1.818544
-0.6498757
-1.606814
0.4751328
1.834878
-0.7155503
2.006078
-1.464115
-0.7322881
0.004052381
0.1679047
-1.192655
-0.03032911
1.046248
2.476261
-1.534672
0.01174791
-1.484076
1.175268
0.1912383
2.520879
0.6114138
0.2843248
-0.3251016
1.467125
1.498363
0.8449958
1.057098
-0.5334703
1.292314
0.231311
0.246596
-0.3154281
-0.7925171
0.6418599
1.027366
-0.05186564
0.06510822
0.9197465
-0.6259592
-0.6666879
0.8790913
1.632536
-0.2913508
1.746506
-0.01784235
1.447626
1.381698
0.6369967
-0.5407734
-0.2877517
1.717509
1.672333
-0.2669152
0.139828
-0.498097
0.8043282
0.03714336
0.1154096
-0.3590772
-1.02105
1.607478
-0.7573629
1.625665
0.009989643
-1.547571
-0.4551914
1.541017
-0.8223348
-0.5208341
-1.07045
0.7842856
0.1785803
2.360132
0.2366621
0.7484511
-0.934575
0.4438935
-0.6075832
0.2331694
-0.6731358
1.896685
-1.474986
1.501874
2.414311
-1.475088
-0.1418996
-0.3101201
0.4161887
-1.422174
0.7707077
-0.7966835
0.3040835
-1.280541
1.74894
2.614786
2.487681
0.7253347
1.741614
-1.45295
-0.3593838
0.1160328
0.6648279
1.039045
-0.7763432
3.120294
2.405406
-1.450365
1.083493
0.8968402
1.656443
-1.582811
-0.8598819
0.3124736
1.443402
-0.6221585
-0.7018941
2.412396
-1.606505
-1.627207
-0.4569545
-1.591389
-0.9813484
0.3854175
0.9709986
1.754328
0.07362876
0.6750936
0.2387534
-0.6091578
-0.009019428
1.304302
-1.312834
-1.320964
1.166546
0.08673216
-0.8591973
1.572436
0.04713424
-0.4409981
1.603763
0.9035569
1.580049
-1.217791
1.383672
0.7036196
0.2365621
-0.7457022
0.1460986
-0.8709032
2.553388
-0.4725801
-0.5961291
0.7351775
1.332788
0.1589864
1.455556
0.2661869
1.453809
-2.636427
2.501562
-1.055891
2.516869
0.3169169
-0.6876657
2.573202
-0.09995511
0.2697128
0.7823967
1.574711
0.02108969
1.708586
-0.8233769
0.2692049
0.9160691
1.313329
-0.6968286
1.213082
0.02840998
2.774042
0.4249868
-0.526315
1.928212
-0.3057918
1.079632
1.044808
1.640102
0.02309178
1.696791
1.569403
2.2105
-0.2770374
1.623377
2.561158
-0.3876292
1.011503
-1.001311
0.4565918
1.80026
-0.3771344
0.854723
-0.03568563
-0.4292999
0.1409194
-0.4754618
0.891808
-0.08657225
1.207136
0.812489
-1.122466
0.9730995
1.683
2.409238
-0.1040301
0.3053173
-0.1394326
1.836083
-1.4695
2.560322
0.7182604
0.7511885
-0.461913
0.1730659
-2.062477
-1.645824
1.734791
1.171036
-0.4327051
2.201314
-1.440027
0.002735881
-0.5806643
1.038289
1.171148
0.7465876
1.480194
0.5068909
0.7205735
1.811565
0.9337012
-0.5770997
0.8897573
0.08949359
0.5784206
0.6828705
-0.6523
2.079688
-1.660778
1.850553
-0.2664033
1.187405
1.796139
-0.1350088
0.8804294
0.7352148
-0.1875524
0.6164515
0.8151787
-0.7803719
-1.219773
1.418747
-0.2907353
0.4799672
0.8020677
-0.4730333
2.351495
1.617929
1.153989
1.10259
1.432055
-0.6520541
2.528708
2.046264
1.786715
0.9696843
-0.4454889
1.95201
0.7444566
-0.04371019
0.827894
-2.333411
0.788403
2.592207
-0.09343224
-0.4505949
0.0147229
1.019347
0.7816398
1.874834
2.54078
-0.2618497
-2.345654
0.702996
-2.290051
-0.2111647
2.495548
1.018393
1.582896
0.4877676
-3.277544
0.06217649
-1.055319
1.479227
0.3417201
-0.6849792
-0.7956073
1.114124
2.640505
0.5003515
1.578588
1.265975
-1.789494
-0.2151829
0.7484264
-1.087816
1.918488
-1.700379
-0.09411117
2.41793
0.6489916
-1.195181
0.03018612
-0.5270084
-0.8024897
-1.423785
-0.2627203
0.4629323
-0.9807024
1.720482
1.309674
1.675845
1.029026
-0.5279902
-1.556107
-0.0950264
0.867419
0.09105966
0.2677308
1.391378
-0.8870143
0.07404885
0.898144
0.870257
-1.282973
-0.4161452
1.376267
-0.7737008
0.7905209
0.7351056
0.4781862
0.0648723
-0.8176588
0.3965755
1.344927
-0.1389686
0.1461479
-0.5334744
-0.88297
0.1615106
-0.6309085
-2.182357
0.7284812
1.534171
-1.006369
-0.6039661
1.405201
-1.086396
-0.6328937
0.2524692
-2.172699
0.6478629
2.49794
-1.50891
0.357711
-0.3209677
0.631383
-0.4052258
1.051407
-1.565333
0.5557344
-0.02479739
-1.391326
1.440696
0.1412786
0.1735657
2.578623
0.9031606
2.428781
0.8477599
-0.00358618
1.363561
-0.8993982
1.022831
0.7911548
-0.4643409
-0.9053577
-0.5511438
-0.2469143
0.556767
1.678843
0.3459931
1.181432
-0.6212884
-0.6916771
0.1528413
0.5576225
2.343819
-0.1517436
0.5375961
2.404728
1.116052
-0.5264864
1.063506
2.146897
0.01054327
1.86376
1.765866
0.7115431
1.705462
0.9285644
-0.8985833
-1.477996
0.0564672
2.537563
-1.475873
-0.9408689
1.153455
-1.59075
0.2676033
-0.07749647
1.176068
-0.0348664
0.3706098
-0.6584455
0.2070507
1.028685
2.439019
1.74768
0.4109312
0.753127
-1.578277
2.460805
-1.510452
-1.274448
-0.7839813
0.7864517
1.511131
-0.4874128
1.049615
0.7440875
0.1188307
-0.5135996
-0.4399591
-0.8888558
-0.001242301
-0.830163
0.004273323
-0.3661565
0.4214516
0.2474618
-0.6479607
-0.6540234
-0.04034474
1.942976
0.962713
0.6935121
1.047073
1.777982
2.290907
1.000847
-1.337455
0.0868847
0.2878211
-0.7554102
0.1545503
-1.50477
0.9897607
-0.4880682
2.420537
-0.8768845
-0.6569214
-0.9330585
-1.172593
-0.2808106
-1.351856
-0.06062355
-1.645112
1.288899
1.15748
-0.3617324
-0.8459205
-3.004845
0.6003465
0.5600153
0.8752108
-0.8489464
0.2089684
2.577041
1.931795
-0.05771832
-0.6614522
-0.5776524
0.8301652
1.570908
0.7460601
-0.1177058
1.295991
-0.8407385
0.3792706
-0.5349924
0.1089153
0.1536128
0.9482136
2.26438
-0.5408065
0.1393771
-1.989231
0.1750864
1.600013
-1.521184
0.2933417
1.095212
-1.778684
-0.03428983
-0.8219322
-1.159086
0.8902359
0.8571065
2.464021
1.501498
-0.3905027
-0.05796582
-0.1967581
1.642719
-0.07430763
-1.432711
-0.2372681
0.5528307
-0.391151
0.2973055
0.7831254
1.035541
-0.7255743
-0.6118396
-1.502893
2.450271
0.3854186
-0.9938426
0.2863557
0.9971223
-1.355303
0.5990171
1.12335
0.9016091
0.5600278
-0.3122055
0.05556842
-0.1281246
1.477092
1.032845
1.012855
-0.6149664
-0.3273153
1.888249
0.159186
-0.7923854
1.29726
-0.7187236
1.179312
-0.1586174
0.5798772
0.01504257
2.472576
-1.594767
0.9254843
0.08769392
0.07908827
1.530913
1.095052
-0.5331337
-2.272087
1.577727
-0.07300645
-0.877653
1.722797
0.7767967
-0.3315228
-0.1016918
1.112395
0.3254033
2.176201
0.3837976
-2.826373
0.9614677
2.361864
0.1694974
-0.02291192
0.5474356
0.8741352
-1.439446
-3.083747
-0.2551461
0.03682858
0.1618834
0.1965882
1.808806
-0.5345835
0.8200444
2.589005
1.700351
-2.200036
-0.6973411
0.1257169
0.3576673
-0.4127197
2.475101
3.141216
-0.7611231
-1.387447
-0.7088489
0.1940821
-0.6810528
0.5346898
2.634351
-1.46568
-0.09392028
2.719619
2.588809
-0.3030122
0.6807946
2.254711
1.512512
-0.1312643
-0.7975776
-1.772762
1.582122
-0.1266036
-0.835289
0.7826545
0.5088601
-1.258645
0.920573
-1.672344
-1.337278
1.167067
-0.327934
-0.01440994
1.839609
0.3007594
-1.361424
1.190186
1.688304
-0.7201681
0.8932187
0.3863305
-1.478294
-0.5252544
0.436414
1.208642
1.62405
-0.7377721
-0.5723187
-0.4325658
-1.085546
0.4231423
-0.3360904
2.075657
0.2543781
1.580178
-0.7133604
0.8725303
0.5698721
1.009316
-2.526518
-0.05203594
0.8154582
-1.740762
-1.005442
0.317851
2.401064
0.7390565
1.550566
0.4857191
1.885841
-1.274997
-1.519067
0.1530718
-0.01796105
-0.7952547
-1.557649
-0.9658403
-0.8508724
0.7148053
1.120513
0.4232409
1.374413
0.7218751
0.8692528
0.3314547
0.3750924
-1.497985
2.085392
-0.3530877
-0.6470484
0.5912454
-0.7595553
1.673158
0.1083386
0.2148414
-1.806607
0.6648894
0.7941801
-1.409882
-1.128997
0.2427881
1.567741
0.1645948
-0.6239362
-1.550148
-0.01629004
1.151691
1.28934
1.541589
-0.7118417
0.5170692
-1.634593
1.107224
-1.44412
1.341098
1.05876
-0.1510788
0.650649
1.714059
-0.08186826
-1.03568
2.61194
0.8170477
1.553511
0.008544786
-1.345642
1.822327
-1.482405
-0.3036376
1.756284
0.2046528
0.1325677
-0.6690016
1.700132
-1.871077
-0.4667102
-0.2985811
-0.7504091
0.05859446
-0.2831829
-0.5248989
0.9125739
-0.8141683
1.419059
-0.1281147
0.09779999
-0.7197623
-0.4054521
0.6561039
1.112507
1.862135
1.438209
1.520202
-0.6164765
-1.491226
-1.686047
0.8210717
2.509524
0.7929624
-0.1312504
0.0008105857
1.493457
1.061369
-1.621834
-1.506166
-0.5824665
1.477476
-0.09859017
-0.01159146
-1.603558
-0.3579558
0.7556377
0.6005158
-1.126928
-0.6691057
0.1218524
1.053025
-0.3693745
1.047476
-0.7862679
1.160776
-0.976924
-0.2018715
0.1025364
1.033665
0.9152137
2.462926
0.379926
-0.08381964
0.7120516
2.46046
3.062387
-1.237822
1.617994
-1.182949
-1.07732
-1.476906
0.9372244
-0.9125075
0.2661081
0.3718352
-0.4232621
1.01962
-0.3001716
0.1765917
0.3565827
1.905353
-1.350476
-0.3050657
1.583756
-0.6864399
-0.2364333
1.129771
0.9487125
1.499304
-0.8486699
-0.08834123
2.695311
0.0969428
0.0396435
1.378998
-0.9938578
0.3636189
1.485135
0.1560023
1.335476
1.392934
-0.9735349
-1.221315
-0.07950568
-0.2768183
1.317366
1.758049
-0.7068409
0.08629713
-2.599831
-0.2032832
-2.940813
0.7130417
-0.1032041
-0.1632195
-1.385585
2.473893
1.733008
-0.6139178
1.769188
0.7877134
0.861154
-0.3996712
2.513847
0.6651142
0.3674263
1.589167
1.420749
1.256359
-0.9501865
0.8783234
0.6080164
0.07365644
0.3324262
1.486361
1.384018
-0.4875419
0.4141927
-0.2046975
1.04815
-3.177187
-0.8039783
0.5712502
0.6447273
1.447056
2.502729
-0.6543671
-1.146209
2.510401
-0.193769
-0.6166652
-0.1505539
0.845547
2.535327
0.9229653
-0.0707101
0.87259
1.661169
0.2828548
0.7694783
-0.4247665
0.8068928
1.098782
0.4740243
0.688913
0.739774
1.027472
1.414264
-0.9559752
0.7609567
-1.263971
0.7118253
1.894461
-0.3014786
0.2938885
-0.2579867
-0.5956537
1.716614
1.610537
-1.071987
0.2064762
-1.337474
-1.501749
1.751362
1.650582
-0.7712772
1.610619
1.045348
0.713282
2.187747
0.7038932
-0.7730937
0.07828223
-1.383242
-0.4967364
2.58338
1.101878
0.3112707
0.06807711
0.733171
0.5483587
0.8413715
-1.447984
-0.9662733
-0.3000807
1.517195
-0.8778371
0.006199198
1.233939
-1.564493
0.6350103
0.3628749
0.8656575
-1.114821
1.62689
1.534966
-1.464477
2.540879
-0.4955372
0.8307602
-1.354658
-0.5884092
-0.5605073
-0.5646969
2.280782
-0.7066247
-0.3900191
3.327424
0.604944
0.04538802
-0.2676821
-0.3905981
0.3364511
0.2707416
-0.1046141
-0.7441706
0.6225176
-1.038508
0.7183792
0.4727266
0.6986647
-1.427306
-2.053129
0.007726014
-1.640376
-0.9448736
2.501828
2.471764
-0.965624
1.31328
1.013411
2.452984
-2.55638
0.3208881
0.6100538
1.435956
-0.2718508
-0.2013495
-0.4541152
0.1839873
1.565554
-0.1870961
2.598963
2.440962
0.1548688
-0.5795062
1.390499
-0.0535279
-0.6036836
0.4053908
2.026675
-0.9897442
0.414788
-0.6192546
-0.6255285
0.4628097
0.8351621
-0.4771922
0.279887
-0.5777783
1.855297
0.08884276
0.8908483
-1.409599
-0.1724449
-1.386897
-1.094889
-0.189815
-1.071746
0.3661458
-0.1233376
-1.433637
1.844953
-1.506721
0.028688
-0.2607179
-0.01075204
-1.441783
0.9776264
1.057915
1.401883
-0.3423284
0.4427866
2.50408
1.023703
1.733774
-1.505944
2.239835
-0.3316654
-0.5640685
0.6635713
2.537441
0.7055555
-0.4062217
-0.7836404
-0.4831101
0.4215066
1.716522
1.59491
-0.5365477
-0.8660702
1.468118
-0.550588
0.9761136
1.720278
-0.1107796
0.2186782
1.534114
0.7684911
1.744208
0.5689425
0.03683193
-1.869537
2.484899
1.858063
-0.02314423
0.09633789
0.7416419
0.7122812
-0.02450485
0.3302853
1.145777
-0.44501
0.389977
-0.5692052
0.2339626
0.04337868
2.532365
2.558113
1.134269
-1.552239
-1.252712
1.139504
1.960845
-2.499537
0.2913343
0.1023323
0.8524824
0.1155473
-0.3847978
0.286679
1.802042
1.507979
-0.5360783
0.700854
-0.7485739
0.6294904
-2.467617
-0.6699846
-1.378362
0.1479713
0.7930541
1.956494
-0.620451
1.768743
0.5091362
-0.5882703
-0.4348453
-1.570375
-1.576872
1.475655
0.3795357
-0.02420926
1.586735
-0.9930424
-0.6816359
-1.460586
-0.08018415
1.011071
1.291666
1.114457
0.310405
1.350329
1.661115
0.8014163
0.343299
1.537233
-0.4002635
-0.3365584
-0.4914249
0.9118861
-0.09582145
-1.032953
-0.02399557
0.3235839
1.152234
0.007386552
-1.704258
1.204511
1.684859
-0.08075863
-1.586837
1.634378
-0.5199447
0.05815783
-0.5736502
-0.6089137
1.723212
-1.629278
1.163896
0.1048365
0.6653234
0.3234674
-0.01342563
-0.712433
-0.9518023
1.023052
-0.7024903
1.569411
-0.7235851
0.96507
-0.5165998
1.515943
1.7338
-0.8231152
0.4957774
-2.151074
-0.407772
-0.3629892
-0.3170882
-0.4814616
0.1061788
0.2481301
0.5538959
-0.1091824
1.120381
0.992639
0.1735425
1.705077
-1.406981
1.862478
-2.564875
-1.049057
0.6313015
1.761103
-0.2367037
-0.746501
0.0666629
-1.847301
1.766107
0.6552409
0.8777828
0.3247623
2.66217
-0.7361069
-0.3271862
1.701824
-0.9226437
2.710067
1.511415
-1.297246
0.7116493
-0.06292837
-0.8905344
-0.7215973
1.576042
-0.3231979
-1.138672
-0.8711114
-0.1085999
1.021025
-0.6575276
0.1257166
0.856121
-0.7278035
-2.521925
0.1672071
0.2757919
0.07498488
2.712592
1.198315
0.7397342
0.9820689
0.6092881
0.3195453
-0.6328693
0.9256023
-1.194524
-0.0889518
0.7221363
1.62147
0.7533351
1.799113
-1.811497
-0.6188106
2.047842
-1.284192
0.6245424
-0.0692465
-0.1531939
2.718567
-1.654164
-0.5951387
0.3021791
-0.3882038
1.542771
-1.088414
2.071302
-1.969817
-1.44024
-0.7043532
0.4181561
-1.067308
-0.9773709
0.008125406
0.3289688
-0.7550247
-0.02208125
1.743479
-0.8955721
-1.549101
-0.4867823
-0.4625298
0.3290099
-0.5784437
-0.298345
0.9321344
-0.6001702
2.473841
0.350906
-0.3614432
0.8846778
1.398039
-0.471926
-2.200345
1.871618
1.033064
0.7227232
-0.7190251
-1.568116
0.1062112
-0.1347222
1.833219
0.3737261
1.193204
3.302328
-0.7303444
-0.7523433
0.7046368
1.360253
0.9422862
-1.343284
-0.3755569
-2.317264
0.6861138
0.7418357
1.665399
0.6776267
0.5330203
-0.559806
-0.1227015
1.026275
-0.6691275
0.3603579
-0.5492351
2.161864
-0.469688
0.9214623
1.00169
0.7138847
-0.1264844
0.5366683
2.560485
-1.121777
-0.6813942
1.124777
1.488827
-0.5961483
1.40428
-1.355723
-0.9427696
-1.325993
0.988403
0.7222596
0.6393837
0.9228206
1.347364
-1.429019
1.256145
1.686703
1.04926
-0.944526
-0.72922
1.609087
-3.175746
-0.1403858
0.5068223
1.019066
1.657395
1.732746
0.2550702
-0.1486292
0.4304623
0.8485706
1.714547
1.068945
-0.5553978
-1.896802
0.4639636
0.8056346
1.908579
0.5786184
-1.366642
1.46537
1.862729
1.451202
3.430616
2.562639
0.9001307
0.1677026
-0.9028948
1.688276
2.393085
1.505504
0.6191373
0.2986139
0.04698603
-0.55059
-1.248346
-0.6546181
-1.523073
0.9441423
0.6010164
1.013018
0.3894203
2.190064
0.584415
-0.1597599
0.8814911
0.9004856
1.070417
-1.636706
0.5073356
0.3610842
2.515773
2.647636
0.6226018
-0.273588
-0.7994495
1.67119
0.6305184
0.828584
-1.492414
-1.074011
-1.568486
0.8300036
-0.9251767
-0.6461128
1.923258
-1.828073
-2.148637
0.5968982
1.123349
0.7538615
-0.04686492
0.9724857
-1.757492
0.001470866
-1.213129
-0.1437471
-1.45036
0.5865221
2.445442
-0.1722151
-1.186924
0.202177
0.5782874
0.8439806
-2.540465
1.371108
-0.603653
0.3763522
0.7116646
-1.592361
-1.460032
0.2534764
0.2383549
-1.093228
1.818626
1.486057
0.8068781
-0.6883976
2.258777
1.594347
1.826369
1.325848
1.518253
0.246651
-1.181927
-0.9639463
1.47176
0.04619772
-0.07967923
2.865468
-1.083776
-0.4002862
1.669655
0.1360447
0.6899991
-0.7938395
-0.3865933
-1.49434
1.698758
0.2898129
0.03127056
-0.3322323
-0.4542544
-0.5676569
0.1840409
1.849509
-0.721696
-1.125188
-0.4380383
1.797766
-0.8881829
-1.695415
0.6473382
-0.5764327
0.1545816
0.2233943
0.9609272
1.544077
-1.078556
-2.160449
2.361773
-0.5974249
0.7371033
1.526688
0.01886664
-1.032577
