2.474866
-1.759606
-0.8769916
0.7585592
1.636449
-0.8731222
1.695485
1.327325
0.968489
-0.7615782
-0.3719629
-0.8321601
-0.1464267
0.2783376
-0.4258995
-0.5802128
1.680157
2.230199
-0.7750164
1.037758
-1.546335
-1.99683
1.652491
-0.7095106
0.02734377
0.3366384
2.375457
0.1679961
0.5968352
-0.2275358
2.498112
-1.537756
0.2486399
0.2759376
1.097086
0.2030038
-1.209231
1.022868
1.928768
-0.6683692
1.595219
-0.1388854
0.760533
-1.325993
-0.1370215
1.788176
0.01465278
-1.572063
0.4559264
-1.059572
0.9701995
1.512399
0.2570731
-1.007443
1.35483
-1.546624
1.427582
1.468334
0.4542446
-1.574897
-0.6939143
0.3721503
-0.7808908
-1.453835
-0.9503766
-0.1686471
1.638125
1.224402
0.4611476
-0.8566784
0.2221051
-0.362548
-0.7080606
1.872749
-0.7495773
1.759282
0.4530889
1.357745
1.572749
-1.287803
0.8591668
1.624577
1.369456
-1.141487
0.4537396
0.08381016
0.8853723
1.731223
0.3329357
0.8353336
-1.593101
-0.4694835
-0.332141
-1.421543
-1.477542
-1.739702
0.246645
0.7185131
-0.8246172
-0.8375033
-0.2486768
2.288757
1.487358
-0.8055271
0.502134
1.568275
0.9285627
0.6836126
-0.4323931
-0.2658799
0.3401366
1.377495
-1.610126
1.577384
-0.3225606
-0.6035024
2.370008
-0.8361217
0.7404847
-0.6206931
0.4500552
-0.7920282
1.748892
0.758779
-0.1278611
0.9566802
1.66825
-1.548303
0.07589735
1.004286
1.102845
-0.08674861
0.2184741
-2.021638
-1.754527
1.478847
-0.7979131
-0.7475706
1.043018
1.392624
1.411234
0.2625364
2.654998
-0.4035037
-0.7449264
1.51615
-1.012035
0.9573587
-0.5125324
0.09270476
-0.2804485
-0.6945215
1.416177
1.352825
0.7124012
0.5122761
0.1283695
-2.011781
-0.6304628
-0.412889
0.3796132
-0.4228048
0.2275737
0.2038299
1.105034
2.659156
0.3301673
0.02036652
0.2269643
1.578075
0.5470691
1.680399
-0.4906383
-0.3300801
0.667362
0.1554957
0.07567614
0.7725652
1.582413
1.409791
0.5806724
0.09480226
-0.9846945
2.545127
1.063033
0.7374511
1.080321
-2.539977
-0.04298623
0.2317174
0.1850255
-0.03995906
-0.5493545
2.50617
-1.119667
1.698699
0.4021352
-1.266217
0.1440622
-1.823372
-1.708407
-1.598466
1.562571
-1.351336
0.1111111
1.565745
-2.281888
-1.44529
0.2569701
-0.5425308
1.266489
0.8033256
0.4645534
1.694402
-0.7094202
1.545792
0.8554662
0.07002346
-1.98986
0.4476099
-0.7123363
2.57956
0.8334134
0.7795476
-0.1356562
2.389096
-1.125099
0.008149865
-0.6755495
-0.03511932
-0.09957899
0.3562799
1.630932
0.3629497
-0.6113861
-0.7634051
-0.4612868
-0.5891322
-0.6137447
0.5422203
1.645023
0.05490782
-1.322693
1.323204
2.399473
0.5568554
1.204411
-0.6283753
-1.601098
1.294577
-1.13318
0.7598767
-0.05290131
-0.8230903
1.025538
0.3608772
-0.04206233
-1.235457
0.8488448
-0.5729523
-0.1250888
1.733344
0.8961506
0.7563269
-0.812483
0.173038
-1.387275
-0.2048561
0.9907988
-0.6362599
2.577802
-0.7197751
-1.924991
1.620531
-0.06905906
-0.3017818
1.144871
-1.561965
0.6089971
1.075138
-0.7737675
0.915049
2.337519
2.254417
0.4050935
-0.02942023
0.706807
-0.1769005
1.12085
-0.4849205
-0.4989878
1.423151
0.2702474
2.554984
-2.605806
2.361449
-1.404836
1.745505
1.532087
-0.5353082
0.4328971
-1.269981
-1.548814
-0.5014633
0.7998153
-0.5049878
0.153634
1.123969
-2.62532
0.1824096
-1.396294
1.872863
-1.953918
0.2964848
-0.618984
-0.02885589
0.9619587
0.7230788
-0.1831947
1.389738
-0.6622301
-0.9724346
0.005269345
1.097658
1.612834
1.589519
1.612773
-1.492895
1.58213
-0.03324076
2.276652
1.751924
0.3886295
-1.413271
0.1975397
1.076049
0.151913
2.496886
-1.462151
-0.9401359
-0.5576988
-0.7782293
0.1746488
-0.5224517
1.682796
2.381661
-0.444474
-0.4906648
0.3064846
2.579036
-0.4647461
2.193522
1.704208
0.4742263
1.57613
0.975177
1.286983
2.576521
-0.7328354
2.460907
0.01541887
-2.060837
-2.235674
-1.099126
1.853168
1.873753
0.8361155
1.333555
-0.04673005
1.430651
-1.387843
-0.8477391
0.8460138
0.9129255
0.9339048
-0.5549311
0.1646989
-0.884447
2.659043
0.817032
-0.1891698
1.550674
2.349452
0.4179848
-1.495675
1.126608
-1.017027
1.702518
-0.2004695
-1.514299
0.2883279
0.9443661
-0.1071561
0.7042772
-0.1178583
0.2805922
-0.1334782
0.1673702
-0.5442327
-0.5271733
-1.536318
1.525523
-1.029127
-1.593132
-0.5346702
-0.6172511
0.1965609
-0.5111024
0.518897
1.40169
-1.390359
0.7400833
-0.3397916
-1.601125
0.8545414
-0.7488715
0.4291628
-0.8105194
-0.7450274
0.2056712
-1.331366
0.8043997
2.455053
1.753548
0.9808963
-0.7548874
2.528352
-1.330053
-0.4812804
-2.315664
-0.4255249
0.7877645
0.4321133
-1.695534
-0.9914458
1.86864
-1.223937
-1.51254
-0.6473915
1.501134
1.359369
-0.5631134
0.7614425
2.59995
1.543229
0.3358238
-1.680137
0.08866806
-0.3260978
2.572238
0.3759142
0.3643077
-1.67051
-2.013801
-0.7431868
0.6192686
-1.626221
1.531209
0.3521126
-0.5703432
-0.6538225
0.7082943
0.4869554
-1.731754
1.881771
0.7250539
0.9873974
0.2061286
0.2945708
-0.4912521
-1.394019
1.466878
0.9732275
1.652333
0.9042163
0.8839397
2.602477
0.6725548
2.192378
-0.5176254
-0.8508806
-0.350576
-0.3157616
-2.571292
-2.332619
1.658124
-1.149125
-1.551415
-0.003086869
-1.562049
-0.4518589
0.187907
2.657452
0.2421468
0.8121055
-0.4728415
0.3418592
-1.592795
-0.615906
1.039729
