5.762004
2.701194
2.016576
1.520171
10.17631
2.937951
16.99234
13.34906
7.901369
0.6640321
1.988301
4.365104
4.494337
2.016288
5.362619
4.218886
6.204984
3.063088
3.205417
4.222987
10.30688
3.750452
2.945825
4.154131
3.460095
12.84739
5.034577
2.507527
3.389772
4.079817
3.266173
2.574433
3.286564
0.6552426
2.596439
2.787029
2.875609
8.709134
2.131016
3.659611
2.126107
3.162613
3.800802
4.778893
5.88774
4.201297
3.824097
3.705575
1.755329
3.233784
2.82212
3.088212
3.48628
2.631389
3.306995
4.456545
3.347508
2.784053
2.898681
2.492308
2.769346
4.752949
5.433325
77.32506
5.630726
12.93173
4.038555
7.89232
3.788055
4.049721
3.582513
1.908621
7.700489
3.182375
4.506099
1.143668
3.272762
2.27948
2.698245
4.02589
6.422923
4.51091
5.012007
2.068596
5.071538
2.823879
5.553507
6.14412
6.619913
3.364643
4.01791
3.475395
0.7225907
5.710258
5.119133
1.766215
3.141379
2.634725
2.280714
1.116341
3.421779
3.625224
2.449422
2.904577
3.379958
0.8917339
3.512764
2.900521
2.808516
0.3636638
6.427892
3.7675
3.151902
2.988536
5.054642
5.822508
1.635607
6.56173
2.432905
5.280662
6.220398
6.218851
1.919716
3.528042
2.029975
4.192432
2.679777
4.043769
44.272
3.152743
3.312609
1.627212
3.73021
2.242882
3.927936
4.308128
5.483742
4.347211
4.199215
4.893307
23.58803
5.237878
8.067251
1.69203
4.515817
5.744125
1.635211
2.058905
3.532591
4.626418
2.852944
4.059153
5.704423
0.6001828
2.245255
2.523304
1.769799
2.057784
3.001323
4.590245
5.282497
4.905655
1.952844
3.255805
6.177436
3.642698
4.488865
6.764896
22.31489
6.026869
3.102653
3.477314
24.15209
2.926911
3.598724
4.376955
3.080835
3.354097
3.165363
2.84297
3.947118
3.569161
1.689328
1.930944
3.702022
1.428661
4.467521
2.904725
3.281603
1.893029
15.09715
2.214345
3.408607
2.04962
13.75919
1.753252
6.175593
4.366708
4.324059
3.903039
4.745965
4.467073
3.408249
2.86636
4.242533
8.311024
6.597205
2.290092
5.643861
1.857486
0.7672992
3.789708
4.933841
3.537994
1.496573
6.928308
3.576196
4.747928
3.290151
4.249929
3.153106
7.642923
2.128513
8.926785
4.777139
3.298303
2.241933
2.22171
5.73266
3.588815
2.653638
11.84941
3.54599
2.781353
5.629893
5.616578
4.711314
1.855206
8.390171
14.91166
3.595335
11.00534
4.805609
5.654447
2.790542
7.919681
3.211598
2.902235
2.452319
2.229389
3.2349
3.84623
3.048944
3.297666
5.426444
4.992544
4.28382
5.528837
4.816664
2.423525
4.339558
4.043082
2.359566
5.891049
11.50987
3.728395
1.195805
3.229965
4.990441
2.228004
3.90885
2.763479
3.494486
2.424422
3.810146
3.891747
2.85673
6.155427
4.531344
4.647401
32.54509
3.22977
12.3698
10.82519
10.58061
2.784499
7.989303
4.254079
1.818991
16.56438
3.08863
2.448469
4.910887
2.075379
2.438531
2.47451
3.463096
4.771946
4.293829
4.991086
3.22296
3.655505
7.05505
6.436443
2.248985
3.420044
3.75675
3.377723
4.56721
3.07289
3.193819
4.603635
1.657581
1.369035
5.458945
4.406453
3.104627
6.683737
2.875864
2.472564
2.813191
7.357358
10.42995
1.041091
2.510826
3.41556
4.150828
3.46444
4.369802
3.42212
2.536783
6.825493
9.578879
4.531649
4.06666
2.740358
4.831623
3.16439
2.024186
10.10247
2.749649
4.506469
7.146282
1.574232
4.89973
3.58233
6.086504
2.983366
3.165191
4.183036
2.729959
2.145426
4.649243
3.49202
3.530343
1.376642
0.7946714
4.651816
3.171771
1.529905
3.879098
1.507714
4.826274
3.776786
5.868312
2.245364
4.933222
2.578313
5.933271
7.63356
53.55713
0.5843673
1.516964
1.76463
3.076496
6.458702
8.115683
3.946288
3.06848
4.106034
6.748798
2.891132
17.25454
5.701306
1.789738
6.854856
3.952432
3.919925
4.01047
4.548146
3.79735
6.677209
7.332754
2.98307
4.178682
4.033532
7.243941
3.734978
4.897658
1.590546
1.989036
1.756738
3.647861
3.438389
2.635154
17.29058
7.528004
1.879664
2.013295
6.084806
10.61122
12.66659
2.347863
2.282749
0.6171274
1.908685
3.44757
4.034778
10.82227
4.411629
3.11673
4.505272
2.43225
3.854088
4.85878
1.666237
3.655647
3.813458
2.044808
8.680827
4.315351
4.368827
3.42612
3.415573
4.79303
4.258853
2.966881
4.292486
2.069804
3.132724
1.97519
5.824355
2.913856
3.389852
2.919361
2.997148
2.626875
4.729395
3.029051
3.640158
1.581602
7.449115
3.464211
2.786407
2.743243
3.80646
5.863224
1.299098
4.814395
3.335078
1.507562
2.563344
8.02779
4.283407
21.67078
2.667114
6.725733
3.169385
4.713169
3.226013
9.103703
7.138493
8.918929
9.902104
5.397612
1.082507
5.018025
8.917837
5.916426
3.36112
2.399024
2.885382
2.033602
4.052353
1.578821
2.034582
8.366941
3.975559
8.860879
2.845687
1.362147
4.727881
2.578492
4.410221
4.771272
4.857097
4.31545
2.52235
2.836033
8.367002
2.200401
12.14871
2.411376
1.944373
1.896608
4.081294
9.515137
1.892109
10.68927
2.250659
4.177083
8.886305
3.96138
1.759339
4.593856
5.437581
4.048589
8.759599
3.185723
3.642962
4.18897
3.807861
3.450942
1.491127
4.685322
2.70133
4.904209
2.195356
0.4603909
3.842068
2.909131
3.415665
4.280913
21.36702
16.00356
1.786473
24.51567
1.840651
3.27972
1.967289
3.794853
6.456931
3.071292
19.50024
2.821406
2.008599
4.507781
5.878888
1.971297
4.781226
3.333745
3.192205
3.732822
3.673999
2.857087
3.144487
1.273608
1.459073
2.303704
2.662632
28.51259
2.950561
4.341556
4.441715
1.835857
1.774837
10.10152
3.007716
3.013713
10.3486
2.689827
6.929645
4.119145
4.345345
4.818425
4.049581
2.127702
1.769928
3.902001
5.267112
2.504085
9.204091
3.415806
3.84948
2.023067
2.449216
6.560512
2.443859
5.399354
3.936652
3.778427
4.023893
6.188261
6.408877
6.812494
5.636317
9.460029
4.204935
2.744837
6.056085
2.221658
2.726876
4.404876
2.759638
7.144773
1.418906
4.81163
4.338849
10.54413
1.32876
3.132704
7.402448
2.937309
4.859585
4.336376
5.964272
2.65168
2.390957
3.495114
1.805519
3.246284
2.717403
6.387605
4.158581
17.32767
6.481234
8.352092
2.938291
0.7517815
4.04971
3.898545
4.131177
4.489135
2.41849
3.975021
3.761207
2.611003
4.126733
4.543576
3.790187
3.095682
2.790902
3.632119
1.254909
2.327037
3.840535
3.956902
7.890827
1.744231
1.14764
2.352172
2.775106
2.02705
2.634807
2.651058
3.091325
2.65054
1.344812
0.5826397
6.246219
5.193613
4.016982
4.014041
0.04045729
2.796274
1.622995
4.581952
2.122487
4.985727
3.323617
6.206502
1.888282
3.617518
3.326012
5.699694
2.107923
5.467011
8.288587
3.642154
4.605131
2.801838
37.87697
3.020594
1.939089
6.394305
3.547567
4.493739
1.56597
3.372179
0.3403795
3.598567
2.623424
3.968688
4.537543
5.309423
5.883943
3.562125
7.208952
16.96266
4.090589
5.925012
3.554241
3.476448
2.824403
2.44211
2.351229
4.425799
3.594369
4.745467
2.196147
7.736252
3.890462
3.47774
3.321605
0.9407444
4.588118
5.591811
4.103413
7.208757
2.79522
7.954151
2.69467
8.075587
2.126929
3.685266
12.14867
3.88886
2.756515
3.55099
8.069615
11.01398
2.642261
1.610085
1.966161
2.751498
3.202774
3.690329
1.243856
6.003641
2.539744
7.773613
3.158569
5.398145
2.978509
4.515253
4.761325
4.931662
6.158886
2.112584
5.279325
4.379058
1.948205
2.896894
2.895813
3.10193
7.064977
5.587278
6.684771
10.69112
0.5607191
6.486497
2.202902
3.674621
2.028374
6.716739
3.820629
3.661524
2.521943
2.508028
13.58886
1.98326
1.878888
3.532689
4.18508
4.2445
1.807872
2.909713
3.865553
1.387753
5.584694
3.026347
5.131903
2.151309
3.019403
6.360316
2.261821
3.010466
2.744202
1.888116
3.015205
3.210459
3.174989
3.584051
5.011561
8.879763
2.131308
2.331914
2.742638
3.457637
2.613759
1.747317
0.9854488
5.547113
1.941006
3.699728
3.536763
3.69652
3.755968
2.22568
5.091224
3.611103
4.462989
3.639403
4.810331
4.146519
6.544641
1.98425
1.838769
4.491046
2.462394
2.804034
4.172691
0.8547561
2.502662
1.660463
7.33828
7.143415
4.622616
3.506927
4.602301
1.806414
2.968676
4.261973
5.313588
3.400056
1.311159
2.531216
1.157187
4.406094
3.043648
7.201313
2.760244
5.298677
2.023847
3.679228
5.130213
4.790218
2.674613
1.77308
3.103367
4.252034
3.43719
10.72866
3.727155
2.542397
9.268557
4.03
6.431339
0.967772
2.817731
2.51128
5.481082
7.236026
1.115836
6.114784
8.520011
5.905418
2.356812
30.02114
3.9016
2.50924
4.711212
6.229239
9.530193
6.15901
1.569552
2.915951
11.19078
7.505492
3.362364
2.679033
4.695363
8.657855
4.558939
5.995683
3.657376
3.550112
1.901195
2.67806
15.94827
5.571368
3.252408
3.336517
4.147781
2.545189
19.99372
3.08917
3.185547
1.63553
2.514125
3.137381
3.600067
11.71819
5.258115
4.463576
0.905645
1.212621
7.997528
4.775817
4.559567
3.952882
2.402072
2.970059
3.334581
2.176097
6.17092
0.5004471
7.357156
1.377656
0.9571028
5.134281
3.237317
2.769584
3.272834
4.515111
5.534031
3.904132
13.95008
4.290954
2.17081
6.261814
4.581109
1.892307
3.536535
13.31845
10.67266
2.939891
2.664216
14.50906
5.035376
2.143693
0.5958606
4.495969
3.520632
0.9281181
2.74937
4.134775
2.545723
4.26084
6.479358
4.18336
6.185925
3.962248
2.400329
2.270408
3.851744
2.463091
7.399316
3.635291
5.924861
4.103521
4.852351
2.053049
4.289391
2.664987
1.641546
3.66656
2.355617
3.730179
2.39703
7.617951
2.973154
3.430127
3.637256
2.492429
2.312361
5.022547
3.799929
6.360531
3.011825
2.331825
4.182823
2.611788
2.793874
4.759778
1.970666
17.80821
7.199967
3.20934
1.825587
4.830684
5.441312
3.866769
2.522888
2.439092
3.653933
5.005448
3.134326
4.37236
5.882388
