5.76197799972482
2.70118181122205
2.01656690046954
1.52016414043095
10.1762640807573
2.93793774288764
16.9922633243302
13.3489997641457
7.90133334612535
0.66402910364364
1.98829202805671
4.36508430304991
4.49431671990322
2.0162789017691
5.3625948018964
4.21886696283915
6.2049560008366
3.0630741782236
3.20540253598295
4.22296794433393
10.3068334915775
3.75043507658515
2.94581170735726
4.15411225503746
3.46007938678242
12.8473320278647
5.03455428214221
2.50751568511858
3.38975670410558
4.07979859036948
3.2661582618296
2.57442138321417
3.28654916981793
0.655239643305088
2.59642728391502
2.78701642390305
2.8755960241976
8.70909470119344
2.13100638407429
3.65959448649306
2.1260974062255
3.1625987291303
3.80078484938748
4.77887143588219
5.88771343235787
4.20127804220717
3.8240797442719
3.70555827908663
1.75532107931181
3.23376940798065
2.82210726555959
3.0881980648549
3.48626426862609
2.63137712620781
3.30698007762577
4.45652489043458
3.34749289481625
2.78404043733185
2.89866792008828
2.49229675379228
2.76933350369523
4.75292755295103
5.433300482845
77.3247110809714
5.6307005920993
12.9316716472917
4.03853677655876
7.89228438695776
3.78803790690662
4.04970272617367
3.58249683438751
1.90861238760209
7.70045425256958
3.18236063995691
4.50607866682876
1.14366283935056
3.27274723209762
2.27946971415027
2.69823282452902
4.02587183370788
6.42289401741591
4.51088964511977
5.01198438398633
2.06858666573622
5.07151511536063
2.82386625762233
5.55348194053974
6.14409227547729
6.61988312852478
3.36462781749685
4.01789186971657
3.47537931774321
0.722587439405762
5.71023223322175
5.11910990059453
1.76620703019019
3.14136482494589
2.63471311115455
2.28070370858201
1.11633596266001
3.42176355967826
3.62520764165981
2.44941094730964
2.90456389348336
3.37994274838995
0.891729876169612
3.51274814912057
2.90050791178552
2.80850332694582
0.363662159015566
6.42786299499396
3.76748299965832
3.15188777746226
2.98852251462956
5.05461919160158
5.82248172670858
1.63559961954138
6.56170039106782
2.43289402184041
5.28063817171645
6.22036993128298
6.21882293826361
1.91970733753738
3.52802608018064
2.02996584000833
4.1924130822093
2.6797649078634
4.04375075303128
44.2718002284999
3.15272877366736
3.31259405229334
1.6272046574227
3.73019316792448
2.24287187929387
3.92791827571225
4.30810856014652
5.48371725534501
4.34719138378969
4.19919605160192
4.89328491960426
23.5879235621581
5.23785436477355
8.06721459760494
1.69202236494011
4.51579662297758
5.74409908040142
1.63520362132828
2.05889570946557
3.53257505965388
4.62639712390531
2.85293112647039
4.05913468361303
5.70439725955141
0.600180091755098
2.24524486858602
2.52329261392697
1.76979101401786
2.05777471452393
3.00130945692993
4.59022428713115
5.28247316343625
4.90563286388556
1.95283518805169
3.25579030861382
6.17740812514328
3.64268156281071
4.48884474459489
6.76486547430832
22.3147893070326
6.0268418045568
3.10263899969181
3.47729830908398
24.1519810169125
2.92689779270416
3.59870776123753
4.37693524957385
3.08082109814263
3.35408186508427
3.16534871672129
2.84295717147674
3.94710018915603
3.56914489463663
1.68932037713253
1.93093528687252
3.70200529511907
1.42865455335763
4.46750084090685
2.90471189281553
3.28158819220378
1.89302045795891
15.0970818761225
2.21433500806328
3.40859161911516
2.04961075136289
13.7591279134887
1.753244088684
6.17556513345957
4.36668829581207
4.32403948826
3.90302138805665
4.7459435844654
4.46705284292839
3.40823362073058
2.86634706593248
4.24251385613521
8.31098649761176
6.59717523099161
2.29008166626504
5.64383553282936
1.85747761834196
0.767295737664613
3.78969089944768
4.93381873669999
3.53797803527356
1.49656624691378
6.92827673693344
3.57617986289213
4.74790657560763
3.29013615363207
4.24990982276175
3.15309177202937
7.64288851232849
2.12850339536874
8.92674471907231
4.77711744379688
3.29828811684726
2.24192288357611
2.2216999748297
5.73263413213571
3.58879880595057
2.65362602581216
11.8493565311165
3.54597399919268
2.78134044951524
5.6298675958581
5.61655265594026
4.71129274082342
1.85519762863016
8.39013314047147
14.9115927131214
3.59531877652994
11.0052903398699
4.8055873153298
5.65442148506145
2.7905294080511
7.91964526349489
3.21158350809201
2.90222190405133
2.45230793423732
2.22937894017923
3.23488540294485
3.84621264439969
3.04893024204651
3.29765111972163
5.4264195138946
4.99252147181052
4.28380066983313
5.52881205185983
4.81664226544559
2.42351406416641
4.33953841832283
4.04306375613127
2.35955535277287
5.89102241742645
11.5098180632455
3.72837817611442
1.1957996040893
3.22995042521337
4.99041848130003
2.22799394642886
3.90883236183528
2.76346653016928
3.49447023159761
2.42441106011881
3.81012880722393
3.89172943901029
2.85671710938657
6.15539922445596
4.53132355291406
4.64738002922232
32.5449431446185
3.22975542609329
12.3697441829259
10.8251411527727
10.5805622564074
2.78448643531934
7.9892669493349
4.25405980403543
1.81898279204552
16.5643052554427
3.08861606296873
2.44845795160993
4.91086484027686
2.07536963512884
2.43851999645383
2.47449883410339
3.46308037324081
4.7719244672296
4.29380962466885
4.99106347838956
3.2229454568225
3.65548850502083
7.05501816502706
6.43641395640871
2.2489748517549
3.42002856750722
3.75673304816626
3.37770775847509
4.56718939107352
3.07287613399338
3.19380458831738
4.60361422671056
1.65757352038663
1.36902882241201
5.45892036723817
4.40643311646806
3.1046129907844
6.68370684052749
2.87585102304695
2.47255284288445
2.81317830585051
7.35732480090249
10.4299029362406
1.0410863022156
2.51081467023228
3.41554458774067
4.1508092699418
3.46442436717618
4.36978228185081
3.42210455813954
2.53677155310477
6.82546220087243
9.57883577658503
4.53162855153779
4.06664164973869
2.74034563449972
4.83160119794509
3.16437572111182
2.02417686613043
10.1024244139504
2.74963659257532
4.50644866515919
7.14624975335482
1.57422489648789
4.89970789062133
3.58231383521327
6.08647653546181
2.9833525379585
3.16517671749742
4.1830171246075
2.72994668142382
2.14541631905108
4.64922202091054
3.49200424272511
3.53032706979768
1.37663578808643
0.794667814151208
4.65179500930022
3.17175668780604
1.52989809650757
3.87908049608722
1.5077071966415
4.82625222208174
3.77676895775648
5.86828552002413
2.24535386809418
4.93319973949315
2.57830136570618
5.9332442269053
7.63352555457778
53.5568883305881
0.584364663120434
1.51695715490211
1.76462203734229
3.07648211772179
6.45867285596794
8.11564637906199
3.9462701929013
3.06846615389292
4.10601547206876
6.7487675469484
2.89111895415213
17.2544621411877
5.70128027361645
1.78972992404578
6.8548250683758
3.95241416517732
3.91990731186082
4.01045190328858
4.54812547709728
3.79733286496417
6.67717886998422
7.33272091192477
2.98305653929416
4.17866314425434
4.03351379922437
7.24390831268159
3.73496114640951
4.89763589997096
1.59053882287314
1.98902702474012
1.75673007295388
3.64784453951337
3.43837348472785
2.63514210921875
17.290501978562
7.52797003088516
1.87965551826669
2.01328591527461
6.08477854312381
10.6111721182838
12.6665328437006
2.3478524055811
2.28273869939935
0.617124615294848
1.9086763873133
3.44755444329981
4.03475979360196
10.8222211659488
4.41160909311205
3.11671593617122
4.50525167056049
2.43223902479601
3.85407060894151
4.85875807540275
1.66622948132759
3.65563050438008
3.81344079227897
2.0447987730764
8.680787828925
4.31533152755369
4.36880728625037
3.42610454009008
3.41555758768201
4.79300837209086
4.25883378249339
2.96686761234487
4.29246663072896
2.06979466028528
3.13270986400043
1.97518108721835
5.82432871837424
2.91384285161311
3.38983670374459
2.91934782677253
2.99713447576906
2.62686314657663
4.72937365923532
3.02903733181103
3.64014157427213
1.58159486323175
7.44908138686126
3.46419536820952
2.78639442670974
2.74323062148154
3.80644282385651
5.86319754298306
1.2990921379934
4.81437327568415
3.33506295090497
1.50755519732738
2.5633324332518
8.02775377566744
4.28338767169674
21.6706822134932
2.66710196500351
6.72570265102613
3.16937069857255
4.71314773245298
3.22599844304625
9.10366192075341
7.13846078850164
8.91888875452146
9.90205931807529
5.39758764399516
1.08250211533142
5.01800235683091
8.91779675944896
5.91639930291612
3.36110483339392
2.3990131747239
2.88536898009824
2.03359282364198
4.05233471429712
1.57881387578064
2.03457281921986
8.36690324529375
3.97554106081981
8.86083901646435
2.84567415921664
1.36214085349319
4.72785966606704
2.57848036489847
4.41020109946546
4.77125047027094
4.85707508299706
4.31543052710697
2.52233861823176
2.83602020277903
8.36696424501849
2.20039107098372
12.1486551805651
2.41136511898715
1.94436422627595
1.89659944180915
4.08127558370471
9.51509406421231
1.89210046211029
10.6892217660936
2.25064884420119
4.17706415146962
8.88626490173291
3.96136212480066
1.75933106121722
4.59383527083699
5.43755646364037
4.04857073128167
8.75955947347685
3.1857086248495
3.64294556161945
4.18895109783111
3.80784381753469
3.45092642808411
1.49112027148813
4.68530085810886
2.70131781060836
4.90418687041044
2.19534609374861
0.460388822547417
3.84205066318016
2.90911787293404
3.41564958726687
4.28089368295058
21.3669235841697
16.0034877860682
1.78646493877866
24.5155593763062
1.84064269430765
3.27970520070057
1.96728012287056
3.79483587623155
6.45690186395934
3.07127814120414
19.5001520077657
2.82139326878142
2.00858993646469
4.50776065923896
5.87886147230134
1.97128810478499
4.78120442535484
3.33372995691996
3.19219059560034
3.73280515613818
3.67398242156912
2.85707410777566
3.14447281092146
1.27360225301363
1.45906641612753
2.3036936048427
2.66261998522793
28.5124613407373
2.95054768598669
4.34153640930712
4.44169495735298
1.83584871593994
1.77482899128456
10.1014744182372
3.00770242808237
3.01369940102171
10.3485533033216
2.68981486251412
6.92961373090041
4.11912641290712
4.34532539220976
4.81840325749931
4.0495627268054
2.12769239902827
1.76992001343577
3.90198339274048
5.26708823285902
2.50407370065014
9.20404946776594
3.41579058663063
3.8494626297345
2.02305787117976
2.44920494823919
6.56048239656388
2.44384797241194
5.39932963613461
3.93663423638246
3.77840995035169
4.02387484271908
6.18823307629691
6.40884808079661
6.81246325952868
5.63629156687066
9.45998631287982
4.20491602579118
2.74482461428883
6.05605767272349
2.22164797506434
2.72686369533544
4.40485612358406
2.75962554750128
7.14474076016398
1.41889959737576
4.81160828816084
4.3388294215221
10.5440824210185
1.32875400414758
3.13268986409068
7.40241459743988
2.93729574578457
4.85956307177029
4.33635643268118
5.96424508701742
2.65166803464737
2.39094621112517
3.49509822876385
1.80551085283612
3.24626935157606
2.71739073808109
6.38757617678367
4.15856223495743
17.3275918111983
6.48120475429529
8.35205431229788
2.93827774135343
0.751778107686166
4.0496917262233
3.89852740833522
4.13115835861432
4.48911474337655
2.41847908688617
3.97500306324746
3.76119002805465
2.61099121819692
4.12671437866728
4.54355549771879
3.79016989728626
3.09566803114752
2.79088940642665
3.63210261054704
1.25490333739037
2.32702649955565
3.84051767009762
3.95688414500704
7.89079139369472
1.74422312939006
1.14763482142744
2.35216138613731
2.775093477704
2.02704085320701
2.63479511078454
2.65104603745407
3.0913110508079
2.65052803979147
1.34480593171506
0.582637070915999
6.24619081476916
5.19358956451346
4.01696387390404
4.01402288717491
0.0404571074418704
2.79626138218622
1.62298767645135
4.58193132455221
2.12247742256026
4.98570450257133
3.32360200262121
6.20647399398683
1.88827347937911
3.61750167643211
3.32599699181409
5.69966828089039
2.10791348827837
5.46698633084142
8.28854959885573
3.64213756526544
4.60511021996006
2.80182535707941
37.8767990852205
3.02058036997211
1.9390802501193
6.39427614655082
3.54755099207667
4.49371872260162
1.56596293376906
3.37216378349165
0.340377964082867
3.59855076194597
2.62341216214881
3.96867009182428
4.5375225249419
5.30939904193627
5.88391644949133
3.56210892638564
7.20891947056479
16.9625834582573
4.09057054176226
5.92498526417294
3.55422496196114
3.47643231299168
2.82439025525785
2.44209898030407
2.35121839039247
4.42577902917181
3.59435278088889
4.74544558671256
2.19613709017933
7.73621709119381
3.89044444480868
3.47772430716171
3.32159001170009
0.940740155016262
4.58809729672895
5.59178576769805
4.10339448389567
7.2087244714447
2.79520738694225
7.95411510795361
2.69465784066073
8.07555055998985
2.12691940251633
3.68524937072829
12.1486151807456
3.88884245203749
2.75650256159341
3.55097397663084
8.0695785869377
11.013930300883
2.64224907714936
1.610077734706
1.96615212796051
2.75148558423195
3.20275954790914
3.69031234788218
1.24385038726556
6.00361390937006
2.53973253974366
7.77357792260728
3.15855474737831
5.39812064159007
2.97849555987507
4.51523262552256
4.76130351515545
4.93163974653244
6.15885820884768
2.11257446724623
5.27930117774948
4.37903824008434
1.94819620898456
2.89688092815188
2.89579993302974
3.10191600295425
7.06494512023279
5.58725278815261
6.6847408358617
10.6910717577457
0.560716569829785
6.4864677305467
2.20289205969829
3.67460441876243
2.02836484723263
6.71670869161036
3.82061175992079
3.6615074778609
2.5219316200683
2.50801668285788
13.5887986820802
1.98325105080355
1.87887952176829
3.53267305921167
4.18506111538422
4.24448084725939
1.80786384221852
2.90969987030785
3.86553555720723
1.38774673794952
5.58466879981256
3.02633334401246
5.13187984297161
2.15129929250483
3.01938937534634
6.36028729992165
2.26181079383416
3.01045241567336
2.74418961715418
1.88810748012817
3.01519139428926
3.2104445132316
3.17497467328525
3.58403482744749
5.01153838599885
8.87972293125281
2.13129838275668
2.33190347754883
2.74262562421152
3.45762139787382
2.61374720576083
1.74730911546489
0.985444353293615
5.54708796939182
1.94099724146909
3.69971130547044
3.53674704082829
3.69650331994611
3.75595105169494
2.2256699569156
5.09120102653018
3.61108670537894
4.46296886135689
3.63938657767896
4.81030929402241
4.14650028938559
6.54461146817965
1.9842410463363
1.83876070279993
4.49102573475342
2.46238288877522
2.80402134717025
4.17267217128793
0.854752243027007
2.50265070707124
1.66045550738199
7.33824688698943
7.14338276629177
4.62259514106133
3.50691117545926
4.60228023273006
1.80640584879755
2.96866260424517
4.2619537684148
5.31356402314226
3.4000406577004
1.31115308356974
2.53120457822512
1.15718177834787
4.406074118088
3.04363426594401
7.20128050503476
2.76023154476679
5.29865309042616
2.02383786766012
3.67921139797396
5.13018985059751
4.79019638477964
2.67460093116527
1.77307199921279
3.10335299646998
4.25201481326322
3.43717449013818
10.7286115883515
3.72713818170976
2.54238552777235
9.2685151768717
4.02998181516205
6.43130997943983
0.967767633057819
2.81771828536436
2.51126866818366
5.4810572673479
7.23599334839698
1.11583096493875
6.11475640785208
8.51997255458577
5.90539135258825
2.35680136519993
30.0210045336065
3.90158239454994
2.50922867738889
4.71119074128368
6.22921089138914
9.53014999627412
6.15898220828815
1.56954491760576
2.9159378421597
11.1907295030966
7.50545813246756
3.36234882778053
2.67902091122061
4.69534181280019
8.65781593258309
4.5589184283953
5.99565594527947
3.6573594965782
3.5500959805927
1.90118642111092
2.67804791561114
15.948198035557
5.57134285994436
3.25239332394233
3.33650194441167
4.14776228369099
2.54517751517382
19.9936297810029
3.08915606053205
3.18553262564368
1.63552261988883
2.51411365534598
3.13736684298634
3.60005075517742
11.7181371232292
5.25809127345678
4.46355585870813
0.905640913397627
1.21261552820934
7.99749191222068
4.77579544976223
4.55954642556154
3.95286416314675
2.40206116097021
2.97004559800456
3.33456595314762
2.17608718065228
6.17089215454586
0.500444841799153
7.35712280181399
1.37764978351089
0.957098481201162
5.1342578322412
3.23730239203845
2.76957150262129
3.27281923177273
4.51509062616331
5.5340060284226
3.90411438312463
13.950017052123
4.2909346376419
2.17080020450917
6.2617857443988
4.58108832835613
1.89229846121684
3.53651904185711
13.3183899022692
10.672611841044
2.93987773413364
2.66420397808034
14.5089945298003
5.03535327853683
2.14368332687101
0.595857911258449
4.49594871253904
3.52061611361727
0.928113911990758
2.74935759383427
4.13475634237883
2.54571151276422
4.26082077352732
6.47932876276049
4.18334112314549
6.1858970868378
3.96223012088392
2.40031816883526
2.27039775508646
3.8517266195185
2.4630798856301
7.39928261157261
3.63527459623382
5.92483426485431
4.10350248340834
4.85232910441276
2.05303973588999
4.28937164469473
2.66497497460131
1.64153859274243
3.66654345513662
2.35560637059221
3.73016216806436
2.39701918372156
7.61791662501131
2.97314058403879
3.43011152200902
3.63723958736701
2.49241775324629
2.31235056577914
5.02252433642599
3.79991185332678
6.36050229895149
3.01181140954105
2.33181447795044
4.18280412556863
2.61177621465471
2.7938613930159
4.75975652213608
1.97065710763229
17.8081296428256
7.19993451110841
3.20932551828094
1.82557876228195
4.83066220218221
5.44128744680473
3.86675155172019
2.52287661580411
2.43908099392239
3.65391651211427
5.00542541358295
3.13431185677162
4.37234027030818
5.88236145650806
